 1  42 -10.6193 0 0 0 0 0 1 0 0 -0.6058763
 1  44   8.3807 0 0 0 0 0 1 1 0  0.9911532
 1  40 -12.6193 0 0 0 0 0 0 0 0 -1.5640939
 1  59  14.3807 0 0 0 0 0 1 0 1  0.1127870
 1  56   9.3807 0 0 0 0 0 0 1 0  0.7515988
 1  23   2.3807 0 0 0 0 0 1 0 1  0.5918959
 1  25   9.3807 0 0 0 0 0 1 0 1  0.7515988
 1  18  -7.6193 0 0 0 0 0 0 0 1 -1.0849851
 1  21  -4.6193 0 0 0 0 0 0 0 1 -1.8036484
 1  19   0.3807 0 0 0 0 0 1 0 1  1.3904106
 1  39   2.3807 0 0 0 0 0 0 0 1  0.9113018
 1  38  -3.6193 0 0 0 0 0 1 0 1  0.4321929
 1  26   4.3807 0 0 0 0 0 0 0 1  1.1508562
 1  28  -1.6193 0 0 0 0 0 0 0 1 -0.3663218
 1  16  14.3807 0 0 0 0 0 1 1 0  1.5501135
 1  91 -10.6193 0 0 0 0 0 0 0 1 -0.2066189
 1  93   6.3807 0 0 0 0 0 1 0 1  0.3523414
 1  85  14.3807 0 0 0 0 0 1 1 0  0.4321929
 1 100  -4.6193 0 0 0 0 0 1 0 1 -0.9252821
 1 101   1.3807 0 0 0 0 0 0 0 1  1.0710047
 1  97  -9.6193 0 0 0 0 0 0 0 1 -0.3663218
 1  98  -7.6193 0 0 0 0 0 0 0 1 -0.1267674
 1  66  -1.6193 0 0 0 0 0 0 0 1 -1.2446880
 1  64  -7.6193 0 0 0 0 0 1 0 1 -0.2864704
 1  81  14.3807 0 0 0 0 0 1 0 1 -0.4461733
 1  78 -14.6193 0 0 0 0 0 0 0 1 -0.5260248
 1  69  11.3807 0 0 0 0 0 1 1 0  0.1926385
 1  73 -18.6193 0 0 0 0 0 0 0 0 -1.4842425
 1 139  10.3807 0 0 0 0 0 1 1 0  1.1508562
 1 148  15.3807 0 0 0 0 0 0 1 0 -0.2066189
 1 143  -9.6193 0 0 0 0 0 0 0 0 -1.4043910
 1 144 -22.6193 0 0 0 0 0 1 0 0 -0.6857277
 1 137  19.3807 0 0 0 0 0 0 1 0  0.1127870
 1 135  10.3807 0 0 0 0 0 1 0 1  0.2724900
 1  15   5.3807 0 0 0 0 0 1 0 1  1.1508562
 1 109  -1.6193 0 0 0 0 0 0 0 1  0.1127870
 1 106  10.3807 0 0 0 0 0 1 0 1 -0.5260248
 1  12   1.3807 0 0 0 0 0 1 0 1  0.3523414
 1  14  -6.6193 0 0 0 0 0 1 0 1  1.1508562
 1   3 -13.6193 0 0 0 0 0 0 0 1  0.2724900
 1   6  -7.6193 0 0 0 0 0 1 0 1 -0.1267674
 1 120  -3.6193 0 0 0 0 0 0 0 1  0.5120444
 1 123  16.3807 0 0 0 0 0 0 0 1  0.5120444
 1 122   8.3807 0 0 0 0 0 0 1 0  0.9113018
 1 129   1.3807 0 0 0 0 0 1 1 0  0.9113018
 1 125  -0.6193 0 0 0 0 0 0 0 1 -1.0051336
 1 126   6.3807 0 0 0 0 0 1 0 1  0.1926385
 2  95 -13.6193 0 0 1 0 0 1 0 0 -0.5260247
 2  67  -8.6193 0 0 1 0 0 0 0 1 -0.6857277
 2  65 -20.6193 0 0 1 0 0 1 0 0 -0.9252821
 2  63  -2.6193 0 0 1 0 0 1 0 1  0.4321929
 2  68  13.3807 0 0 1 0 0 1 1 0  0.2724899
 2  69   3.3807 0 0 1 0 0 1 0 1  0.7515988
 2  72  -8.6193 0 0 1 0 0 1 0 1 -0.5260247
 2  55   8.3807 0 0 1 0 0 0 1 0 -0.3663218
 2  54  -5.6193 0 0 1 0 0 0 0 1 -1.6439454
 2  61 -12.6193 0 0 1 0 0 0 0 0 -1.5640939
 2  59   0.3807 0 0 1 0 0 1 0 1  0.2724899
 2  57 -22.6193 0 0 1 0 0 0 0 0 -1.4043909
 2  94  -4.6193 0 0 1 0 0 1 0 1  0.1926384
 2  88 -34.6193 0 0 1 0 0 0 0 0 -1.1648365
 2  87  -1.6193 0 0 1 0 0 1 0 1 -0.6058762
 2  85  18.3807 0 0 1 0 0 1 1 0  1.8695194
 2  89  16.3807 0 0 1 0 0 0 1 0  1.3904105
 2  90 -12.6193 0 0 1 0 0 1 0 1 -1.7237968
 2  73   8.3807 0 0 1 0 0 1 0 1 -1.2446880
 2  76  20.3807 0 0 1 0 0 1 1 0  2.6680341
 2  74 -24.6193 0 0 1 0 0 0 0 0 -1.3245395
 2  83 -11.6193 0 0 1 0 0 0 0 1 -1.3245395
 2  82  -9.6193 0 0 1 0 0 1 0 0 -0.8454306
 2  78  -3.6193 0 0 1 0 0 0 0 1 -0.2066188
 2  50  -3.6193 0 0 1 0 0 1 0 1 -1.0051336
 2 140  -2.6193 0 0 1 0 0 0 0 1  0.4321929
 2 135  -3.6193 0 0 1 0 0 0 0 1 -0.3663218
 2 131   4.3807 0 0 1 0 0 1 0 1 -0.1267674
 2 146  -1.6193 0 0 1 0 0 0 0 1 -1.1648365
 2 147 -17.6193 0 0 1 0 0 0 0 0 -2.0432027
 2 143  -2.6193 0 0 1 0 0 1 0 1  0.5120443
 2  96  15.3807 0 0 1 0 0 0 1 0  1.1508561
 2 112 -19.6193 0 0 1 0 0 0 0 0 -0.5260247
 2 115  -2.6193 0 0 1 0 0 0 1 0  0.7515988
 2 109  -2.6193 0 0 1 0 0 0 0 1 -0.3663218
 2 105  10.3807 0 0 1 0 0 1 0 1  0.1127870
 2 125   3.3807 0 0 1 0 0 1 0 1 -0.1267674
 2 127  35.3807 0 0 1 0 0 1 1 0  1.2307076
 2 117   5.3807 0 0 1 0 0 1 1 0  1.4702620
 2 119  12.3807 0 0 1 0 0 0 0 1  1.2307076
 2 124 -13.6193 0 0 1 0 0 1 0 1  1.3105591
 2 123  16.3807 0 0 1 0 0 1 1 0  0.6717473
 2  48 -23.6193 0 0 1 0 0 1 0 0 -1.3245395
 2  28  -5.6193 0 0 1 0 0 1 0 1 -0.3663218
 2  31   0.3807 0 0 1 0 0 1 0 1  1.0710047
 2  25 -11.6193 0 0 1 0 0 0 0 0 -0.0469159
 2  22  -0.6193 0 0 1 0 0 1 0 1  0.6717473
 2  45  -2.6193 0 0 1 0 0 0 0 1 -0.6058762
 2  36  -1.6193 0 0 1 0 0 1 0 1 -1.0849851
 2  37  20.3807 0 0 1 0 0 0 1 0 -0.5260247
 2  39   5.3807 0 0 1 0 0 1 0 1  1.5501135
 2   6   5.3807 0 0 1 0 0 0 0 1  0.2724899
 2  10   7.3807 0 0 1 0 0 1 1 0  0.3523414
 2  11  20.3807 0 0 1 0 0 1 1 0  2.1090738
 2  12  -0.6193 0 0 1 0 0 1 0 1 -0.6058762
 2   7   9.3807 0 0 1 0 0 1 0 1  1.0710047
 2   9   1.3807 0 0 1 0 0 0 0 1  0.4321929
 2   8 -10.6193 0 0 1 0 0 1 0 1 -1.1648365
 2  21  -0.6193 0 0 1 0 0 1 1 0 -0.0469159
 2  19  -4.6193 0 0 1 0 0 1 0 1 -1.2446880
 2  20   1.3807 0 0 1 0 0 0 0 1 -0.1267674
 2  14  -4.6193 0 0 1 0 0 0 0 1 -0.5260247
 3  98  16.3807 0 0 0 0 0 1 1 0  2.0292223
 3  97  -3.6193 0 0 0 0 0 0 0 1  0.6717473
 3  99   8.3807 0 0 0 0 0 0 1 0  0.5918958
 3 101   3.3807 0 0 0 0 0 0 0 1 -0.2066188
 3  85   9.3807 0 0 0 0 0 1 0 1  1.4702620
 3  94   3.3807 0 0 0 0 0 1 0 1  0.4321929
 3  86   3.3807 0 0 0 0 0 0 0 1 -0.7655792
 3  92   1.3807 0 0 0 0 0 0 0 1  0.5918958
 3  73   9.3807 0 0 0 0 0 0 1 0 -0.4461733
 3 119  -2.6193 0 0 0 0 0 1 0 1  0.0329355
 3 117  11.3807 0 0 0 0 0 1 0 1  1.2307076
 3 123 -24.6193 0 0 0 0 0 1 0 0 -0.7655792
 3 105   7.3807 0 0 0 0 0 0 1 0  0.4321929
 3 106  10.3807 0 0 0 0 0 0 1 0 -0.7655792
 3 113  -6.6193 0 0 0 0 0 1 0 1  0.3523414
 3 110  27.3807 0 0 0 0 0 0 1 0  0.5918958
 3 111  -1.6193 0 0 0 0 0 1 0 0 -1.4043909
 3 124  18.3807 0 0 0 0 0 1 0 1  1.7896679
 3  52  -5.6193 0 0 0 0 0 1 0 1 -0.4461733
 3  50   6.3807 0 0 0 0 0 1 0 1  0.0329355
 3  54  -7.6193 0 0 0 0 0 1 0 1  0.0329355
 3  56  12.3807 0 0 0 0 0 1 1 0 -0.3663218
 3  44  -1.6193 0 0 0 0 0 0 0 1 -0.0469159
 3  49  18.3807 0 0 0 0 0 1 1 0  1.4702620
 3  46   7.3807 0 0 0 0 0 0 0 1 -0.5260247
 3  48   0.3807 0 0 0 0 0 1 1 0  2.5881827
 3  72  17.3807 0 0 0 0 0 1 0 1 -0.0469159
 3  68  20.3807 0 0 0 0 0 1 1 0  0.3523414
 3  67   9.3807 0 0 0 0 0 1 1 0  1.6299650
 3  69 -10.6193 0 0 0 0 0 0 0 1 -1.3245395
 3  59 -18.6193 0 0 0 0 0 1 0 1 -1.8834998
 3  60  -3.6193 0 0 0 0 0 1 0 1 -0.6857277
 3  66  -0.6193 0 0 0 0 0 0 0 1 -0.0469159
 3  62 -12.6193 0 0 0 0 0 1 0 1 -1.8834998
 3  43  15.3807 0 0 0 0 0 1 0 1 -0.3663218
 3 181   1.3807 0 0 0 0 0 0 0 1  0.5918958
 3 178   9.3807 0 0 0 0 0 0 0 1 -0.0469159
 3 183 -10.6193 0 0 0 0 0 0 0 1 -1.8036483
 3 184   5.3807 0 0 0 0 0 1 1 0  0.5120443
 3 171  11.3807 0 0 0 0 0 1 0 1  0.9113017
 3 177 -13.6193 0 0 0 0 0 1 0 0 -1.4842424
 3 174   5.3807 0 0 0 0 0 1 0 1 -1.4043909
 3 176  17.3807 0 0 0 0 0 0 0 1  1.0710047
 3 164  -1.6193 0 0 0 0 0 1 0 1 -0.2864703
 3 195  -5.6193 0 0 0 0 0 1 0 1 -1.0849851
 3 202 -10.6193 0 0 0 0 0 0 0 1 -0.2864703
 3 185  10.3807 0 0 0 0 0 1 0 1  0.9911532
 3 187   7.3807 0 0 0 0 0 0 1 0  1.6299650
 3 193  -7.6193 0 0 0 0 0 1 0 1 -0.5260247
 3 188  19.3807 0 0 0 0 0 1 1 0  1.4702620
 3 190  11.3807 0 0 0 0 0 1 1 0  0.6717473
 3 126   0.3807 0 0 0 0 0 1 0 0 -0.6857277
 3 137  18.3807 0 0 0 0 0 1 1 0  0.4321929
 3 135 -12.6193 0 0 0 0 0 1 0 0 -0.6058762
 3 140   7.3807 0 0 0 0 0 0 1 0  0.5918958
 3 142  -0.6193 0 0 0 0 0 0 0 1  0.1127870
 3 128   5.3807 0 0 0 0 0 0 0 1 -0.6857277
 3 133  13.3807 0 0 0 0 0 1 0 1  1.2307076
 3 132  -7.6193 0 0 0 0 0 0 0 1 -0.9252821
 3 163  -1.6193 0 0 0 0 0 1 0 1 -0.0469159
 3 155  -2.6193 0 0 0 0 0 1 0 0 -1.2446880
 3 154  26.3807 0 0 0 0 0 1 0 1  0.1127870
 3 156   0.3807 0 0 0 0 0 0 0 1 -1.1648365
 3 160   6.3807 0 0 0 0 0 1 0 1 -0.6857277
 3 153   7.3807 0 0 0 0 0 1 0 1 -1.0849851
 3 151   4.3807 0 0 0 0 0 1 0 1  1.3904105
 3 152  23.3807 0 0 0 0 0 1 1 0  1.9493709
 3 204  12.3807 0 0 0 0 0 0 0 1 -1.0849851
 3  41  -7.6193 0 0 0 0 0 1 0 1 -0.4461733
 3  23  18.3807 0 0 0 0 0 1 1 0  2.1090738
 3  21  10.3807 0 0 0 0 0 0 0 1 -1.1648365
 3  24 -12.6193 0 0 0 0 0 0 0 1 -0.5260247
 3  26   0.3807 0 0 0 0 0 0 1 0 -0.2066188
 3  13   6.3807 0 0 0 0 0 1 1 0  0.3523414
 3  20  15.3807 0 0 0 0 0 1 0 1  1.7896679
 3  15  -0.6193 0 0 0 0 0 0 1 0  1.6299650
 3  17   9.3807 0 0 0 0 0 0 0 1  0.3523414
 3  11 -15.6193 0 0 0 0 0 0 0 1 -1.0051336
 3  36  -3.6193 0 0 0 0 0 1 0 1  0.6717473
 3  40  17.3807 0 0 0 0 0 1 1 0  1.5501135
 3  27   8.3807 0 0 0 0 0 0 0 1 -0.2066188
 3  31  25.3807 0 0 0 0 0 0 1 0  2.0292223
 3  35  10.3807 0 0 0 0 0 0 0 1 -0.0469159
 3  33  -5.6193 0 0 0 0 0 1 0 1  0.3523414
 3  34  13.3807 0 0 0 0 0 0 1 0  0.1926384
 3   2  10.3807 0 0 0 0 0 1 1 0  0.9911532
 3 416  -5.6193 0 0 0 0 0 0 0 1 -0.2864703
 3 418   4.3807 0 0 0 0 0 0 0 1 -1.2446880
 3 421  13.3807 0 0 0 0 0 1 0 1 -0.1267674
 3 415  35.3807 0 0 0 0 0 1 1 0  0.9911532
 3 414 -12.6193 0 0 0 0 0 1 0 1 -0.6857277
 3 412   3.3807 0 0 0 0 0 1 0 1 -0.5260247
 3 435  23.3807 0 0 0 0 0 1 1 0  0.8314502
 3 433  19.3807 0 0 0 0 0 1 0 1  1.2307076
 3 436  19.3807 0 0 0 0 0 1 0 1  0.9911532
 3 426  20.3807 0 0 0 0 0 1 1 0  0.7515988
 3 428   4.3807 0 0 0 0 0 1 1 0  1.0710047
 3 432   0.3807 0 0 0 0 0 0 0 1 -0.7655792
 3 430   9.3807 0 0 0 0 0 0 0 1  0.5918958
 3 387 -22.6193 0 0 0 0 0 1 0 0 -0.9252821
 3 393   5.3807 0 0 0 0 0 0 0 1 -0.2864703
 3 395  -4.6193 0 0 0 0 0 0 0 1 -1.5640939
 3 382   3.3807 0 0 0 0 0 0 0 1  0.2724899
 3 386   6.3807 0 0 0 0 0 0 0 1 -0.4461733
 3 384 -21.6193 0 0 0 0 0 0 0 1  0.8314502
 3 409 -12.6193 0 0 0 0 0 0 0 1 -1.1648365
 3 405   5.3807 0 0 0 0 0 0 1 0  0.7515988
 3 407   5.3807 0 0 0 0 0 0 0 1 -0.0469159
 3 396 -17.6193 0 0 0 0 0 0 0 0 -1.7237968
 3 397   7.3807 0 0 0 0 0 0 0 1 -1.3245395
 3 404  24.3807 0 0 0 0 0 1 1 0  1.3904105
 3 398  17.3807 0 0 0 0 0 1 1 0  1.0710047
 3 399  12.3807 0 0 0 0 0 0 0 1  0.8314502
 3 378  -5.6193 0 0 0 0 0 1 0 1 -1.0849851
 3 482   2.3807 0 0 0 0 0 1 0 1  1.7098164
 3 481   5.3807 0 0 0 0 0 1 1 0 -0.1267674
 3 484  11.3807 0 0 0 0 0 0 1 0 -0.2066188
 3 477   8.3807 0 0 0 0 0 0 0 1 -1.0051336
 3 479  29.3807 0 0 0 0 0 0 1 0  1.7098164
 3 478  -6.6193 0 0 0 0 0 1 0 1 -0.3663218
 3 486   4.3807 0 0 0 0 0 0 0 1  1.4702620
 3 489  22.3807 0 0 0 0 0 1 0 1  1.5501135
 3 496  -1.6193 0 0 0 0 0 1 0 1  0.9911532
 3 491   5.3807 0 0 0 0 0 1 1 0  1.2307076
 3 439 -12.6193 0 0 0 0 0 0 0 1 -0.8454306
 3 454  12.3807 0 0 0 0 0 1 0 1 -0.1267674
 3 453  15.3807 0 0 0 0 0 0 0 1  0.5918958
 3 459  23.3807 0 0 0 0 0 0 1 0  0.7515988
 3 462   7.3807 0 0 0 0 0 1 1 0  1.3904105
 3 444   8.3807 0 0 0 0 0 1 1 0  0.4321929
 3 449  23.3807 0 0 0 0 0 0 1 0  0.1127870
 3 472   0.3807 0 0 0 0 0 0 0 1  0.3523414
 3 471  -2.6193 0 0 0 0 0 0 0 1  0.2724899
 3 474  -9.6193 0 0 0 0 0 1 0 1 -1.4842424
 3 464   2.3807 0 0 0 0 0 0 0 1  0.1926384
 3 466  23.3807 0 0 0 0 0 0 1 0  2.1889253
 3 470  -8.6193 0 0 0 0 0 0 0 0  0.2724899
 3 468   4.3807 0 0 0 0 0 1 0 1 -1.4043909
 3 205   1.3807 0 0 0 0 0 0 0 1 -1.3245395
 3 279  21.3807 0 0 0 0 0 1 1 0  1.4702620
 3 278   3.3807 0 0 0 0 0 0 0 1  1.0710047
 3 286   8.3807 0 0 0 0 0 1 1 0  0.0329355
 3 287  -6.6193 0 0 0 0 0 1 0 1 -0.2864703
 3 267  18.3807 0 0 0 0 0 0 1 0  2.1889253
 3 273 -12.6193 0 0 0 0 0 0 0 1  0.1926384
 3 266  -7.6193 0 0 0 0 0 0 0 1 -1.4043909
 3 300  -0.6193 0 0 0 0 0 0 0 1  0.0329355
 3 298  12.3807 0 0 0 0 0 1 1 0  0.8314502
 3 288  -9.6193 0 0 0 0 0 0 0 1 -1.8834998
 3 290   4.3807 0 0 0 0 0 1 0 1 -0.1267674
 3 296  -8.6193 0 0 0 0 0 0 0 0 -0.1267674
 3 292   4.3807 0 0 0 0 0 1 0 1  0.8314502
 3 294   2.3807 0 0 0 0 0 1 0 1 -0.0469159
 3 309  22.3807 0 0 0 0 0 0 1 0  2.2687768
 3 227   8.3807 0 0 0 0 0 1 0 1  0.5120443
 3 219  16.3807 0 0 0 0 0 0 0 1  1.2307076
 3 228  13.3807 0 0 0 0 0 1 0 1  0.7515988
 3 232  11.3807 0 0 0 0 0 1 1 0  1.4702620
 3 208   7.3807 0 0 0 0 0 0 0 1  0.0329355
 3 217   6.3807 0 0 0 0 0 0 1 0  1.4702620
 3 216  18.3807 0 0 0 0 0 1 0 1  0.1926384
 3 263   6.3807 0 0 0 0 0 0 1 0  0.2724899
 3 260  10.3807 0 0 0 0 0 1 0 1  0.0329355
 3 258  10.3807 0 0 0 0 0 1 1 0  0.5918958
 3 261 -11.6193 0 0 0 0 0 0 0 1 -1.0849851
 3 234   7.3807 0 0 0 0 0 1 1 0  0.8314502
 3 235  -0.6193 0 0 0 0 0 1 0 1 -1.7237968
 3 255  18.3807 0 0 0 0 0 0 1 0  1.3904105
 3 252   4.3807 0 0 0 0 0 0 1 0 -1.1648365
 3 377   4.3807 0 0 0 0 0 1 0 1  0.6717473
 3 356  -7.6193 0 0 0 0 0 0 0 1 -0.6857277
 3 353   0.3807 0 0 0 0 0 0 0 1 -0.6857277
 3 357   8.3807 0 0 0 0 0 1 1 0 -1.0051336
 3 359   4.3807 0 0 0 0 0 0 0 1 -0.6857277
 3 347  12.3807 0 0 0 0 0 0 1 0  0.9911532
 3 348   5.3807 0 0 0 0 0 1 1 0  1.4702620
 3 350   2.3807 0 0 0 0 0 1 1 0 -0.0469159
 3 345  22.3807 0 0 0 0 0 1 1 0  1.9493709
 3 374  13.3807 0 0 0 0 0 1 1 0  1.0710047
 3 373  -5.6193 0 0 0 0 0 0 0 1 -0.2066188
 3 375   2.3807 0 0 0 0 0 1 0 1 -0.0469159
 3 360   5.3807 0 0 0 0 0 1 0 1  1.3904105
 3 367   2.3807 0 0 0 0 0 0 0 1  0.6717473
 3 371  -9.6193 0 0 0 0 0 1 0 1  0.4321929
 3 369  -1.6193 0 0 0 0 0 1 0 1  0.8314502
 3 370   3.3807 0 0 0 0 0 1 0 1 -0.2066188
 3 324   6.3807 0 0 0 0 0 0 0 1  1.1508561
 3 323   3.3807 0 0 0 0 0 1 0 1 -0.2864703
 3 325 -11.6193 0 0 0 0 0 1 0 1  1.2307076
 3 326   1.3807 0 0 0 0 0 0 0 1 -0.5260247
 3 311 -12.6193 0 0 0 0 0 1 0 0 -0.6058762
 3 315  17.3807 0 0 0 0 0 0 1 0  0.1127870
 3 318   7.3807 0 0 0 0 0 0 0 1  0.4321929
 3 344  -4.6193 0 0 0 0 0 0 0 1 -1.4043909
 3 338   8.3807 0 0 0 0 0 1 1 0 -0.9252821
 3 340 -14.6193 0 0 0 0 0 0 0 1 -1.6439454
 3 342   9.3807 0 0 0 0 0 1 1 0  1.4702620
 3 331  13.3807 0 0 0 0 0 0 1 0  0.7515988
 4 211  -6.6193 0 0 0 0 0 1 0 1 -0.8454306
 4 208   3.3807 0 0 0 0 0 1 1 0 -0.1267674
 4 215  -8.6193 0 0 0 0 0 1 0 1 -0.6058762
 4 214   0.3807 0 0 0 0 0 1 0 1 -0.0469159
 4  27  11.3807 0 0 0 0 0 0 1 0  0.2724899
 4  26  12.3807 0 0 0 0 0 0 1 0  2.5881827
 4  17  20.3807 0 0 0 0 0 1 1 0  1.9493709
 4  22  13.3807 0 0 0 0 0 0 1 0  0.4321929
 4  20  13.3807 0 0 0 0 0 0 1 0 -1.1648365
 4  21  21.3807 0 0 0 0 0 0 1 0  1.9493709
 4  37  17.3807 0 0 0 0 0 1 1 0  2.1889253
 4  32   1.3807 0 0 0 0 0 1 1 0  0.8314502
 4  33   3.3807 0 0 0 0 0 1 1 0  0.1926384
 4 100  -1.6193 0 0 0 0 0 0 0 1  0.3523414
 4   1   0.3807 0 0 0 0 0 1 0 1  0.6717473
 4 105   3.3807 0 0 0 0 0 1 0 1 -0.4461733
 4 104  -8.6193 0 0 0 0 0 0 0 1 -0.6058762
 4 103  14.3807 0 0 0 0 0 0 0 1  0.8314502
 4  15 -11.6193 0 0 0 0 0 0 0 0 -0.3663218
 4  11  -9.6193 0 0 0 0 0 1 0 1 -1.7237968
 4  14  14.3807 0 0 0 0 0 0 1 0  1.3904105
 4   8  -6.6193 0 0 0 0 0 0 0 1 -0.8454306
 4   6   4.3807 0 0 0 0 0 1 0 1  0.5120443
 4   7  -1.6193 0 0 0 0 0 0 0 1 -1.2446880
 4  75  15.3807 0 0 0 0 0 1 1 0  1.0710047
 4  76  17.3807 0 0 0 0 0 0 1 0  0.5120443
 4  81  15.3807 0 0 0 0 0 1 1 0  1.3904105
 4  73   9.3807 0 0 0 0 0 1 1 0 -0.4461733
 4  70  16.3807 0 0 0 0 0 1 1 0 -0.2864703
 4  67  -2.6193 0 0 0 0 0 0 0 1 -0.1267674
 4  94   1.3807 0 0 0 0 0 0 0 1 -0.8454306
 4  95   2.3807 0 0 0 0 0 1 0 1 -1.4842424
 4  86   0.3807 0 0 0 0 0 0 1 0  0.3523414
 4  83 -10.6193 0 0 0 0 0 0 0 1 -1.4842424
 4  90  -2.6193 0 0 0 0 0 0 0 1 -0.0469159
 4  87  -3.6193 0 0 0 0 0 1 0 1 -0.8454306
 4  88  -5.6193 0 0 0 0 0 1 0 1 -0.1267674
 4  42  14.3807 0 0 0 0 0 1 1 0  0.9113017
 4  48  -1.6193 0 0 0 0 0 0 0 1 -0.9252821
 4  47  -1.6193 0 0 0 0 0 0 0 1 -0.9252821
 4  51   7.3807 0 0 0 0 0 1 1 0  0.2724899
 4  46   7.3807 0 0 0 0 0 1 1 0 -0.2066188
 4  44 -11.6193 0 0 0 0 0 0 0 1 -1.0849851
 4  65 -15.6193 0 0 0 0 0 1 0 0 -1.0051336
 4  61 -10.6193 0 0 0 0 0 1 0 1 -0.8454306
 4  59  -0.6193 0 0 0 0 0 1 1 0  0.0329355
 4  62   4.3807 0 0 0 0 0 1 1 0  1.7896679
 4  64   2.3807 0 0 0 0 0 1 0 1 -0.2066188
 4  54  10.3807 0 0 0 0 0 1 0 1  2.2687768
 4  53  -6.6193 0 0 0 0 0 0 0 1  0.0329355
 4  56   3.3807 0 0 0 0 0 0 0 1 -1.1648365
 4 176 -11.6193 0 0 0 0 0 1 1 0 -1.0849851
 4 181  18.3807 0 0 0 0 0 1 1 0  0.1127870
 4 184  -5.6193 0 0 0 0 0 0 0 1 -0.6058762
 4 165  20.3807 0 0 0 0 0 1 1 0  2.5083312
 4 163  15.3807 0 0 0 0 0 0 1 0  1.2307076
 4 173  -6.6193 0 0 0 0 0 0 0 1 -0.6857277
 4 171  -7.6193 0 0 0 0 0 1 0 1 -0.8454306
 4 167  -4.6193 0 0 0 0 0 1 1 0  0.6717473
 4 170  26.3807 0 0 0 0 0 1 0 0  0.5918958
 4 199  16.3807 0 0 0 0 0 0 0 1  1.3904105
 4 197   9.3807 0 0 0 0 0 0 1 0  1.9493709
 4 201   5.3807 0 0 0 0 0 0 1 0  0.0329355
 4 203   4.3807 0 0 0 0 0 1 0 1  0.2724899
 4 188   5.3807 0 0 0 0 0 0 0 1 -0.3663218
 4 189   5.3807 0 0 0 0 0 1 0 1  0.8314502
 4 187  -3.6193 0 0 0 0 0 0 0 1 -0.1267674
 4 186  19.3807 0 0 0 0 0 0 0 1  0.8314502
 4 195  -6.6193 0 0 0 0 0 0 0 0 -1.9633513
 4 193   8.3807 0 0 0 0 0 1 1 0  1.6299650
 4 194  14.3807 0 0 0 0 0 0 1 0  1.4702620
 4 125   4.3807 0 0 0 0 0 1 0 1 -1.3245395
 4 121   0.3807 0 0 0 0 0 0 0 1  0.3523414
 4 127  12.3807 0 0 0 0 0 1 1 0 -0.6058762
 4 129   1.3807 0 0 0 0 0 1 1 0 -0.1267674
 4 128   7.3807 0 0 0 0 0 0 0 1 -0.5260247
 4 131  20.3807 0 0 0 0 0 0 1 0 -0.5260247
 4 112  10.3807 0 0 0 0 0 0 1 0  1.9493709
 4 113   0.3807 0 0 0 0 0 1 1 0 -1.0051336
 4 120   1.3807 0 0 0 0 0 1 0 1  0.0329355
 4 118  -4.6193 0 0 0 0 0 0 0 1 -1.4842424
 4 116  -6.6193 0 0 0 0 0 1 1 0  0.9113017
 4 152  20.3807 0 0 0 0 0 0 1 0  1.3904105
 4 148 -11.6193 0 0 0 0 0 0 0 1 -0.2066188
 4 147   0.3807 0 0 0 0 0 0 1 0  0.8314502
 4 133  18.3807 0 0 0 0 0 0 1 0  0.9911532
 4 139   9.3807 0 0 0 0 0 0 1 0 -0.3663218
 4 136  -0.6193 0 0 0 0 0 0 1 0 -0.7655792
 4 144   8.3807 0 0 0 0 0 0 0 1 -0.6058762
 4 145   1.3807 0 0 0 0 0 1 0 1 -0.2066188
 4 140   8.3807 0 0 0 0 0 0 1 0  0.1127870
 5 101  12.3807 0 1 0 0 0 1 0 1  0.6717473
 5 104   6.3807 0 1 0 0 0 1 0 1 -0.8454306
 5 105 -14.6193 0 1 0 0 0 1 0 1  0.9911532
 5  98   7.3807 0 1 0 0 0 1 0 1  1.3105591
 5 100  14.3807 0 1 0 0 0 1 1 0  1.0710047
 5  99   8.3807 0 1 0 0 0 1 1 0 -0.7655792
 5 113  11.3807 0 1 0 0 0 1 0 1 -0.0469159
 5 112  18.3807 0 1 0 0 0 1 1 0  0.1127870
 5 106  24.3807 0 1 0 0 0 1 1 0  0.9113017
 5 108  17.3807 0 1 0 0 0 1 0 1  0.0329355
 5 111  -5.6193 0 1 0 0 0 1 0 1  0.0329355
 5 116  28.3807 0 1 0 0 0 1 0 1 -0.8454306
 5  85  12.3807 0 1 0 0 0 1 1 0  0.3523414
 5  86   5.3807 0 1 0 0 0 1 1 0  0.1127870
 5  87   0.3807 0 1 0 0 0 1 0 1 -0.2066188
 5  81   0.3807 0 1 0 0 0 1 0 1 -1.7237968
 5  96  14.3807 0 1 0 0 0 1 1 0  0.8314502
 5  94  13.3807 0 1 0 0 0 1 1 0  0.1127870
 5  95  -6.6193 0 1 0 0 0 1 0 1 -0.9252821
 5  89  -4.6193 0 1 0 0 0 1 0 1  0.5120443
 5  92   5.3807 0 1 0 0 0 1 0 1 -0.4461733
 5  90  18.3807 0 1 0 0 0 1 1 0  0.5918958
 5  91   5.3807 0 1 0 0 0 1 0 1 -0.0469159
 5  78  -2.6193 0 1 0 0 0 1 0 1 -1.5640939
 5 117   1.3807 0 1 0 0 0 1 0 1 -1.8036483
 5 122   6.3807 0 1 0 0 0 1 0 1 -0.9252821
 5 124   0.3807 0 1 0 0 0 1 1 0  0.5120443
 5 125   8.3807 0 1 0 0 0 1 0 1  0.5120443
 5 119  -6.6193 0 1 0 0 0 1 0 1 -0.6857277
 5 121  16.3807 0 1 0 0 0 1 0 1 -0.3663218
 5 120   8.3807 0 1 0 0 0 1 1 0 -0.2066188
 5 135   7.3807 0 1 0 0 0 1 0 1  0.0329355
 5 133  -1.6193 0 1 0 0 0 1 0 1 -0.4461733
 5 134  -8.6193 0 1 0 0 0 1 0 0 -1.0051336
 5 127  -6.6193 0 1 0 0 0 1 0 1 -1.7237968
 5 128  11.3807 0 1 0 0 0 1 0 1  0.5120443
 5 131   4.3807 0 1 0 0 0 1 0 1 -1.4842424
 5 129   7.3807 0 1 0 0 0 1 0 1  0.6717473
 5  27   2.3807 0 1 0 0 0 1 1 0  1.0710047
 5  26  -3.6193 0 1 0 0 0 1 0 1 -0.7655792
 5  28   7.3807 0 1 0 0 0 1 1 0  0.8314502
 5  29  -2.6193 0 1 0 0 0 1 0 1 -0.6058762
 5  22   8.3807 0 1 0 0 0 1 0 1 -0.3663218
 5  25  -6.6193 0 1 0 0 0 1 0 1 -1.4043909
 5  21  16.3807 0 1 0 0 0 1 0 1 -0.5260247
 5  36 -17.6193 0 1 0 0 0 1 0 1 -1.2446880
 5  35  -0.6193 0 1 0 0 0 1 0 1 -0.2066188
 5  37  -3.6193 0 1 0 0 0 1 0 0 -1.1648365
 5  33  11.3807 0 1 0 0 0 1 1 0 -0.1267674
 5  38   4.3807 0 1 0 0 0 1 0 1 -0.3663218
 5   6   3.3807 0 1 0 0 0 1 0 1 -0.0469159
 5   8 -19.6193 0 1 0 0 0 1 0 1 -0.2864703
 5   1  20.3807 0 1 0 0 0 1 0 1 -0.3663218
 5   2 -15.6193 0 1 0 0 0 1 0 0 -0.7655792
 5  17  -0.6193 0 1 0 0 0 1 0 1 -0.6058762
 5  15   8.3807 0 1 0 0 0 1 0 1  0.2724899
 5  14   1.3807 0 1 0 0 0 1 0 1  0.2724899
 5  16  18.3807 0 1 0 0 0 1 1 0  0.9113017
 5   9   3.3807 0 1 0 0 0 1 0 1  0.5918958
 5  10   9.3807 0 1 0 0 0 1 1 0  0.8314502
 5  13  15.3807 0 1 0 0 0 1 1 0  1.5501135
 5  11   0.3807 0 1 0 0 0 1 0 1 -1.1648365
 5  77   8.3807 0 1 0 0 0 1 1 0  0.1127870
 5  63  11.3807 0 1 0 0 0 1 1 0  0.2724899
 5  62  -0.6193 0 1 0 0 0 1 0 1 -0.2864703
 5  65  15.3807 0 1 0 0 0 1 1 0  1.2307076
 5  66  18.3807 0 1 0 0 0 1 1 0  0.8314502
 5  59   9.3807 0 1 0 0 0 1 1 0  0.9113017
 5  61  -2.6193 0 1 0 0 0 1 0 1 -0.5260247
 5  58   2.3807 0 1 0 0 0 1 0 1 -0.0469159
 5  75  13.3807 0 1 0 0 0 1 0 1 -0.2066188
 5  76  -9.6193 0 1 0 0 0 1 0 1 -0.6857277
 5  68  13.3807 0 1 0 0 0 1 1 0  0.7515988
 5  70 -18.6193 0 1 0 0 0 1 0 0 -1.1648365
 5  73   3.3807 0 1 0 0 0 1 0 1 -0.9252821
 5  39   2.3807 0 1 0 0 0 1 0 1 -0.7655792
 5  45 -10.6193 0 1 0 0 0 1 0 1 -0.2864703
 5  46   8.3807 0 1 0 0 0 1 0 1 -0.2864703
 5  40  -6.6193 0 1 0 0 0 1 0 1 -0.4461733
 5  41  24.3807 0 1 0 0 0 1 1 0  0.1127870
 5  57  -2.6193 0 1 0 0 0 1 0 1 -0.8454306
 5  54  15.3807 0 1 0 0 0 1 0 1 -0.0469159
 5  53   6.3807 0 1 0 0 0 1 1 0 -0.7655792
 5  55   7.3807 0 1 0 0 0 1 1 0  1.1508561
 5  47   5.3807 0 1 0 0 0 1 1 0 -0.7655792
 5  48   7.3807 0 1 0 0 0 1 0 1  0.1127870
 5  52  14.3807 0 1 0 0 0 1 1 0  0.5918958
 5  49 -11.6193 0 1 0 0 0 1 0 0 -0.6857277
 6 182  -8.6193 0 0 0 0 0 1 0 1 -0.8454306
 6 175  -2.6193 0 0 0 0 0 0 0 1  0.7515988
 6 174  12.3807 0 0 0 0 0 1 1 0  0.5120443
 6 181 -19.6193 0 0 0 0 0 1 0 0 -1.9633513
 6 176  -5.6193 0 0 0 0 0 0 0 1 -0.2864703
 6 177 -25.6193 0 0 0 0 0 0 0 0 -0.2066188
 6 173 -23.6193 0 0 0 0 0 0 0 0 -1.4842424
 6 249  -0.6193 0 0 0 0 0 1 0 1 -0.1267674
 6 247   3.3807 0 0 0 0 0 1 0 1 -0.5260247
 6 250 -13.6193 0 0 0 0 0 1 0 0 -1.1648365
 6 251  -5.6193 0 0 0 0 0 1 0 1 -1.4043909
 6 256  17.3807 0 0 0 0 0 1 0 1  1.0710047
 6 237  -7.6193 0 0 0 0 0 1 0 1  0.1926384
 6 236  -1.6193 0 0 0 0 0 1 1 0  1.1508561
 6 243 -19.6193 0 0 0 0 0 1 0 1 -0.1267674
 6 235  -3.6193 0 0 0 0 0 1 0 1 -0.8454306
 6 270  15.3807 0 0 0 0 0 0 1 0  0.7515988
 6 269  21.3807 0 0 0 0 0 1 1 0  1.7098164
 6 271   1.3807 0 0 0 0 0 1 0 1 -1.2446880
 6 273  -5.6193 0 0 0 0 0 0 0 1 -1.0849851
 6 261 -20.6193 0 0 0 0 0 1 0 0 -1.9633513
 6 260   5.3807 0 0 0 0 0 1 0 1  0.5120443
 6 265   5.3807 0 0 0 0 0 1 1 0 -0.3663218
 6 263 -27.6193 0 0 0 0 0 1 0 0  0.1926384
 6 264  -7.6193 0 0 0 0 0 1 0 1 -0.9252821
 6 184  -1.6193 0 0 0 0 0 1 0 1 -0.2066188
 6 197   7.3807 0 0 0 0 0 0 0 1  0.1127870
 6 195  12.3807 0 0 0 0 0 0 1 0 -0.3663218
 6 200  -5.6193 0 0 0 0 0 0 0 1  0.5120443
 6 204 -12.6193 0 0 0 0 0 1 0 1 -0.1267674
 6 207   8.3807 0 0 0 0 0 1 0 1  0.5918958
 6 186  28.3807 0 0 0 0 0 1 0 1  0.5120443
 6 185  -1.6193 0 0 0 0 0 1 0 1 -0.3663218
 6 191  -2.6193 0 0 0 0 0 0 0 1 -1.0051336
 6 188  -0.6193 0 0 0 0 0 0 0 1  0.8314502
 6 190 -24.6193 0 0 0 0 0 0 0 1 -1.6439454
 6 234   8.3807 0 0 0 0 0 1 1 0  1.4702620
 6 229 -19.6193 0 0 0 0 0 0 0 0 -0.3663218
 6 226  13.3807 0 0 0 0 0 1 1 0  0.2724899
 6 225  23.3807 0 0 0 0 0 0 1 0  1.4702620
 6 231   9.3807 0 0 0 0 0 1 0 1 -0.5260247
 6 232  21.3807 0 0 0 0 0 1 1 0  1.6299650
 6 214  -4.6193 0 0 0 0 0 1 0 1  0.7515988
 6 212  10.3807 0 0 0 0 0 1 1 0 -0.1267674
 6 223 -17.6193 0 0 0 0 0 1 0 0 -1.9633513
 6 219  -5.6193 0 0 0 0 0 1 0 1  0.0329355
 6 275 -11.6193 0 0 0 0 0 1 0 0 -1.0849851
 6  59   3.3807 0 0 0 0 0 0 0 1 -1.2446880
 6  58  12.3807 0 0 0 0 0 1 0 1  1.3904105
 6  60  28.3807 0 0 0 0 0 0 1 0  0.5918958
 6  61  -9.6193 0 0 0 0 0 1 0 1 -0.2864703
 6  62   4.3807 0 0 0 0 0 1 0 0 -0.2864703
 6  46  -0.6193 0 0 0 0 0 1 0 1 -0.0469159
 6  44   8.3807 0 0 0 0 0 1 0 1  0.4321929
 6  57   5.3807 0 0 0 0 0 1 0 1 -0.7655792
 6  49 -31.6193 0 0 0 0 0 0 0 1 -1.2446880
 6  55   8.3807 0 0 0 0 0 1 0 1  0.9911532
 6  43   8.3807 0 0 0 0 0 1 1 0  1.1508561
 6  78 -13.6193 0 0 0 0 0 1 0 1 -0.3663218
 6  77  21.3807 0 0 0 0 0 1 1 0  1.5501135
 6  83  -3.6193 0 0 0 0 0 1 1 0 -0.7655792
 6  64   0.3807 0 0 0 0 0 1 1 0  0.5120443
 6  68   6.3807 0 0 0 0 0 0 0 1  1.8695194
 6  67  -7.6193 0 0 0 0 0 1 0 1 -0.1267674
 6  73 -22.6193 0 0 0 0 0 1 0 0  0.4321929
 6  69  -9.6193 0 0 0 0 0 1 0 1  0.5918958
 6  72  -4.6193 0 0 0 0 0 1 0 1 -0.1267674
 6  87 -16.6193 0 0 0 0 0 1 0 0 -1.3245395
 6  13  -8.6193 0 0 0 0 0 1 0 1 -0.4461733
 6  12   2.3807 0 0 0 0 0 0 0 1 -0.9252821
 6  15  14.3807 0 0 0 0 0 0 1 0  1.1508561
 6  18  12.3807 0 0 0 0 0 1 1 0  1.7896679
 6  20   4.3807 0 0 0 0 0 1 0 1  0.1127870
 6   2   9.3807 0 0 0 0 0 1 0 1 -0.2864703
 6  11  -0.6193 0 0 0 0 0 1 0 1 -1.0849851
 6   7  -2.6193 0 0 0 0 0 1 0 1 -1.3245395
 6  10  -4.6193 0 0 0 0 0 1 0 1  0.1926384
 6  42 -16.6193 0 0 0 0 0 0 0 1 -1.1648365
 6  35   7.3807 0 0 0 0 0 1 0 1 -0.4461733
 6  34   7.3807 0 0 0 0 0 1 0 1  0.1127870
 6  41   0.3807 0 0 0 0 0 1 0 1 -0.2066188
 6  22   8.3807 0 0 0 0 0 1 1 0  0.2724899
 6  27  -1.6193 0 0 0 0 0 0 0 1  0.3523414
 6  25   0.3807 0 0 0 0 0 1 0 1 -1.0051336
 6  32   0.3807 0 0 0 0 0 0 1 0 -1.5640939
 6  29   6.3807 0 0 0 0 0 0 1 0  0.1127870
 6  31 -16.6193 0 0 0 0 0 1 0 1 -0.2066188
 6 172  -6.6193 0 0 0 0 0 1 0 1 -0.6058762
 6 140  -6.6193 0 0 0 0 0 1 0 1 -0.6058762
 6 137  20.3807 0 0 0 0 0 0 1 0 -0.0469159
 6 142  20.3807 0 0 0 0 0 1 1 0 -0.2864703
 6 144   3.3807 0 0 0 0 0 1 1 0 -0.9252821
 6 146  -2.6193 0 0 0 0 0 0 0 1 -0.9252821
 6 129   9.3807 0 0 0 0 0 1 0 1 -0.5260247
 6 128  14.3807 0 0 0 0 0 1 1 0  1.3105591
 6 132  -3.6193 0 0 0 0 0 1 0 0 -0.6058762
 6 127   2.3807 0 0 0 0 0 1 0 1 -1.6439454
 6 165   1.3807 0 0 0 0 0 1 0 1  0.9113017
 6 164  -4.6193 0 0 0 0 0 1 0 0 -1.4043909
 6 161   1.3807 0 0 0 0 0 1 0 1  0.9911532
 6 168  37.3807 0 0 0 0 0 1 1 0  1.3105591
 6 169 -12.6193 0 0 0 0 0 1 0 1 -0.0469159
 6 150 -10.6193 0 0 0 0 0 1 0 1  0.4321929
 6 155   4.3807 0 0 0 0 0 1 1 0  0.5918958
 6 152   5.3807 0 0 0 0 0 1 1 0  0.5918958
 6 160  -9.6193 0 0 0 0 0 1 0 1  1.6299650
 6 158  -4.6193 0 0 0 0 0 1 0 1  1.4702620
 6  88 -10.6193 0 0 0 0 0 1 0 1 -1.8036483
 6 105   2.3807 0 0 0 0 0 1 0 1  0.0329355
 6 106  -2.6193 0 0 0 0 0 1 0 1 -0.8454306
 6 107   3.3807 0 0 0 0 0 1 0 1  0.1926384
 6 108   4.3807 0 0 0 0 0 1 0 1  0.4321929
 6  89  10.3807 0 0 0 0 0 1 1 0  0.9911532
 6  95 -19.6193 0 0 0 0 0 0 0 0 -0.3663218
 6  99  -1.6193 0 0 0 0 0 1 0 1 -0.3663218
 6 125   6.3807 0 0 0 0 0 1 0 1  1.3105591
 6 118  17.3807 0 0 0 0 0 0 1 0  0.4321929
 6 117   1.3807 0 0 0 0 0 1 1 0  0.5918958
 6 115   1.3807 0 0 0 0 0 1 0 1 -0.4461733
 6 122   7.3807 0 0 0 0 0 1 1 0  0.8314502
 6 109  -9.6193 0 0 0 0 0 1 0 1 -0.2864703
 6 111  -2.6193 0 0 0 0 0 1 0 1 -0.6857277
 6 110  -6.6193 0 0 0 0 0 0 0 1 -0.8454306
 6 114 -34.6193 0 0 0 0 0 0 0 0 -1.6439454
 6 112   2.3807 0 0 0 0 0 1 0 1 -0.7655792
 6 113 -21.6193 0 0 0 0 0 0 0 0 -2.1230542
 7 153   1.3807 0 1 0 0 0 1 0 1 -1.2446880
 7 145  20.3807 0 1 0 0 0 1 1 0  2.5881827
 7 152  -6.6193 0 1 0 0 0 1 0 1 -0.6857277
 7 168  -6.6193 0 1 0 0 0 1 0 1 -0.0469159
 7 157   7.3807 0 1 0 0 0 1 0 1 -0.3663218
 7 164  -4.6193 0 1 0 0 0 1 1 0  1.0710047
 7 161  -0.6193 0 1 0 0 0 1 0 1 -0.3663218
 7 127   1.3807 0 1 0 0 0 1 0 1 -0.4461733
 7 129  12.3807 0 1 0 0 0 1 0 1 -0.6857277
 7 121   0.3807 0 1 0 0 0 1 0 1 -0.0469159
 7 125   0.3807 0 1 0 0 0 1 1 0  0.9113017
 7 123   3.3807 0 1 0 0 0 1 1 0  0.9911532
 7 141   4.3807 0 1 0 0 0 1 0 1 -0.4461733
 7 139 -11.6193 0 1 0 0 0 1 0 1 -0.6857277
 7 133   8.3807 0 1 0 0 0 1 0 1 -1.0849851
 7 134  10.3807 0 1 0 0 0 1 0 1 -0.1267674
 7 119  12.3807 0 1 0 0 0 1 1 0  0.5120443
 7 216   4.3807 0 1 0 0 0 1 0 1 -1.0051336
 7 223   1.3807 0 1 0 0 0 1 0 1  0.1127870
 7 211  11.3807 0 1 0 0 0 1 1 0  1.2307076
 7 213   1.3807 0 1 0 0 0 1 0 1 -0.2864703
 7 209   6.3807 0 1 0 0 0 1 1 0  0.5918958
 7 235   7.3807 0 1 0 0 0 1 1 0  0.1127870
 7 224   0.3807 0 1 0 0 0 1 0 1  0.7515988
 7 227  -3.6193 0 1 0 0 0 1 0 1 -0.2066188
 7 228   7.3807 0 1 0 0 0 1 1 0 -0.3663218
 7 171   2.3807 0 1 0 0 0 1 0 1 -0.7655792
 7 186  -2.6193 0 1 0 0 0 1 0 1 -1.5640939
 7 201   7.3807 0 1 0 0 0 1 0 1 -1.0849851
 7 204   2.3807 0 1 0 0 0 1 1 0  0.4321929
 7 192   1.3807 0 1 0 0 0 1 0 1 -0.6857277
 7 200  -1.6193 0 1 0 0 0 1 0 1 -0.7655792
 7 198  -7.6193 0 1 0 0 0 1 0 1  0.6717473
 7 236  -6.6193 0 1 0 0 0 1 0 1 -1.2446880
 7  43   5.3807 0 1 0 0 0 1 1 0  0.3523414
 7  44   4.3807 0 1 0 0 0 1 0 1  1.1508561
 7  38  -5.6193 0 1 0 0 0 1 0 1  2.0292223
 7  40  -6.6193 0 1 0 0 0 1 0 1 -0.5260247
 7  36  11.3807 0 1 0 0 0 1 0 1  0.0329355
 7  53   0.3807 0 1 0 0 0 1 0 1  0.7515988
 7  55   6.3807 0 1 0 0 0 1 0 1 -0.0469159
 7  46   7.3807 0 1 0 0 0 1 1 0  1.7896679
 7  47   7.3807 0 1 0 0 0 1 1 0  0.1127870
 7  51   8.3807 0 1 0 0 0 1 1 0  0.1127870
 7  56   1.3807 0 1 0 0 0 1 0 1 -0.2066188
 7  12   2.3807 0 1 0 0 0 1 0 1  0.4321929
 7  14   9.3807 0 1 0 0 0 1 0 1 -1.0051336
 7   1   5.3807 0 1 0 0 0 1 0 1  0.1127870
 7  11 -10.6193 0 1 0 0 0 1 0 0 -0.6857277
 7   6  -6.6193 0 1 0 0 0 1 0 0  0.0329355
 7  31  -1.6193 0 1 0 0 0 1 0 1 -0.2066188
 7  26  -8.6193 0 1 0 0 0 1 0 1 -0.4461733
 7  21   6.3807 0 1 0 0 0 1 0 1 -0.6058762
 7  25   3.3807 0 1 0 0 0 1 0 1  1.7896679
 7  22  -5.6193 0 1 0 0 0 1 0 1 -1.0849851
 7 118   5.3807 0 1 0 0 0 1 1 0  0.9113017
 7  91   2.3807 0 1 0 0 0 1 0 1 -0.2066188
 7  96   5.3807 0 1 0 0 0 1 0 1 -0.0469159
 7  99 -16.6193 0 1 0 0 0 1 0 1  1.0710047
 7  87  -6.6193 0 1 0 0 0 1 0 1 -0.2066188
 7  85  20.3807 0 1 0 0 0 1 1 0  1.8695194
 7  83   8.3807 0 1 0 0 0 1 0 1  0.4321929
 7 112  -3.6193 0 1 0 0 0 1 1 0 -0.0469159
 7 102  24.3807 0 1 0 0 0 1 1 0  1.7896679
 7 108  15.3807 0 1 0 0 0 1 0 1 -0.9252821
 7  58   8.3807 0 1 0 0 0 1 0 1  0.9113017
 7  64  -0.6193 0 1 0 0 0 1 0 1  1.2307076
 7  71  -4.6193 0 1 0 0 0 1 0 1  0.9113017
 7  59   0.3807 0 1 0 0 0 1 0 1 -0.6857277
 7  62  16.3807 0 1 0 0 0 1 1 0  1.7098164
 7  61  14.3807 0 1 0 0 0 1 0 1 -0.3663218
 7  82 -11.6193 0 1 0 0 0 1 0 1 -1.1648365
 7  79  12.3807 0 1 0 0 0 1 1 0 -0.3663218
 7  78   5.3807 0 1 0 0 0 1 0 1 -0.6058762
 7  72  -6.6193 0 1 0 0 0 1 0 1 -1.3245395
 7  74  -3.6193 0 1 0 0 0 1 0 1 -1.0051336
 7 244   8.3807 0 1 0 0 0 1 1 0  0.8314502
 7 303   7.3807 0 1 0 0 0 1 1 0  1.2307076
 7 305  16.3807 0 1 0 0 0 1 1 0  1.7896679
 7 302  -8.6193 0 1 0 0 0 1 0 1 -0.4461733
 7 301  -0.6193 0 1 0 0 0 1 0 1 -0.5260247
 7 310   9.3807 0 1 0 0 0 1 1 0  0.1127870
 7 288   0.3807 0 1 0 0 0 1 0 1  1.6299650
 7 290 -17.6193 0 1 0 0 0 1 0 1  0.9911532
 7 282  -3.6193 0 1 0 0 0 1 0 1 -1.0051336
 7 300   0.3807 0 1 0 0 0 1 1 0  1.5501135
 7 298  -5.6193 0 1 0 0 0 1 0 0 -0.0469159
 7 292  -6.6193 0 1 0 0 0 1 0 0 -1.7237968
 7 294   5.3807 0 1 0 0 0 1 0 1  0.6717473
 7 281   5.3807 0 1 0 0 0 1 1 0 -0.8454306
 7 336  -1.6193 0 1 0 0 0 1 0 1 -1.0051336
 7 335   6.3807 0 1 0 0 0 1 0 1  0.5120443
 7 330   3.3807 0 1 0 0 0 1 0 1 -1.8036483
 7 341   6.3807 0 1 0 0 0 1 1 0 -1.0051336
 7 338   4.3807 0 1 0 0 0 1 0 1  0.1127870
 7 340   6.3807 0 1 0 0 0 1 1 0  1.4702620
 7 312  -8.6193 0 1 0 0 0 1 0 1  0.5120443
 7 319  -3.6193 0 1 0 0 0 1 0 1 -0.7655792
 7 313   7.3807 0 1 0 0 0 1 1 0  1.0710047
 7 328  11.3807 0 1 0 0 0 1 1 0  1.3105591
 7 320   2.3807 0 1 0 0 0 1 0 1  1.1508561
 7 324   2.3807 0 1 0 0 0 1 0 1  0.5120443
 7 342   5.3807 0 1 0 0 0 1 0 1  0.9113017
 7 278  15.3807 0 1 0 0 0 1 1 0  1.2307076
 7 265   9.3807 0 1 0 0 0 1 0 1  1.0710047
 7 269  -0.6193 0 1 0 0 0 1 0 1 -0.9252821
 7 260  -7.6193 0 1 0 0 0 1 0 1  0.1926384
 7 259   5.3807 0 1 0 0 0 1 0 1  0.1926384
 7 277  10.3807 0 1 0 0 0 1 1 0 -0.0469159
 7 274   8.3807 0 1 0 0 0 1 1 0  0.6717473
 7 275  -2.6193 0 1 0 0 0 1 0 1  0.4321929
 7 255  -1.6193 0 1 0 0 0 1 0 1  0.1926384
 7 251  14.3807 0 1 0 0 0 1 1 0  0.5918958
 7 254  10.3807 0 1 0 0 0 1 1 0 -0.0469159
 7 238   4.3807 0 1 0 0 0 1 0 1 -0.5260247
 7 242   2.3807 0 1 0 0 0 1 0 1 -0.2864703
 7 243   7.3807 0 1 0 0 0 1 1 0  0.7515988
 7 239   9.3807 0 1 0 0 0 1 1 0  0.1127870
 8  70 -16.6193 0 0 0 1 0 0 0 1 -1.4842424
 8  69   7.3807 0 0 0 1 0 1 0 1  0.5120443
 8  74   4.3807 0 0 0 1 0 0 1 0  0.6717473
 8  76   7.3807 0 0 0 1 0 1 1 0  1.7896679
 8  71  14.3807 0 0 0 1 0 0 0 1 -0.0469159
 8  73   9.3807 0 0 0 1 0 1 1 0  1.9493709
 8  72  21.3807 0 0 0 1 0 1 1 0  1.6299650
 8  77   4.3807 0 0 0 1 0 0 0 1 -1.0051336
 8   1   3.3807 0 0 0 1 0 0 1 0 -0.2864703
 8  59  11.3807 0 0 0 1 0 0 1 0  0.5120443
 8   4  11.3807 0 0 0 1 0 0 1 0  0.4321929
 8  67   4.3807 0 0 0 1 0 0 1 0  0.6717473
 8  64  -3.6193 0 0 0 1 0 1 0 1  0.8314502
 8  65  -2.6193 0 0 0 1 0 0 0 1 -0.7655792
 8  60  13.3807 0 0 0 1 0 1 1 0  1.7896679
 8  61   6.3807 0 0 0 1 0 0 0 1 -0.6058762
 8   5   0.3807 0 0 0 1 0 0 0 1 -1.2446880
 8  78   3.3807 0 0 0 1 0 1 1 0  1.7896679
 8  82   4.3807 0 0 0 1 0 0 0 1  0.0329355
 8  84  15.3807 0 0 0 1 0 0 1 0  1.6299650
 8  81   8.3807 0 0 0 1 0 0 0 1 -0.7655792
 8  79   2.3807 0 0 0 1 0 0 0 1 -0.6857277
 8 85  11.3807 0 0 0 1 0 1 1 0  2.34862828
 8 87   0.3807 0 0 0 1 0 1 0 1  0.99115323
 8 57   3.3807 0 0 0 1 0 0 0 1  0.03293554
 8 39  -8.6193 0 0 0 1 0 0 0 1 -0.60587625
 8 43  14.3807 0 0 0 1 0 0 1 0  1.23070765
 8 44  10.3807 0 0 0 1 0 1 0 1 -0.60587625
 8 35   3.3807 0 0 0 1 0 1 0 1 -0.76557920
 8 34  -0.6193 0 0 0 1 0 1 0 1 -0.12676741
 8 38   0.3807 0 0 0 1 0 0 0 1  0.59189586
 8 36   2.3807 0 0 0 1 0 0 1 0 -0.04691593
 8 37  13.3807 0 0 0 1 0 0 0 1  0.67174733
 8 33  -4.6193 0 0 0 1 0 0 0 1 -0.12676741
 8 54  14.3807 0 0 0 1 0 1 1 0  0.11278701
 8 52   7.3807 0 0 0 1 0 1 0 1  0.43219291
 8 55  12.3807 0 0 0 1 0 0 0 1  0.75159880
 8 46   8.3807 0 0 0 1 0 0 0 1  0.59189586
 8 51   3.3807 0 0 0 1 0 0 0 1  1.39041059
 8  6  15.3807 0 0 0 1 0 1 1 0  1.62996502
 8 18  -0.6193 0 0 0 1 0 0 0 1  0.91130175
 8 15  13.3807 0 0 0 1 0 0 0 1  0.99115323
 8 21  -3.6193 0 0 0 1 0 0 0 1 -0.68572773
 8 19 -13.6193 0 0 0 1 0 0 0 1 -0.76557920
 8 20   9.3807 0 0 0 1 0 1 1 0  1.94937091
 8  9  -9.6193 0 0 0 1 0 0 0 1 -1.16483657
 8  7  14.3807 0 0 0 1 0 1 0 1 -0.60587625
 8 13  11.3807 0 0 0 1 0 1 1 0  2.10907386
 8 12  11.3807 0 0 0 1 0 1 1 0  0.19263849
 8 11  -1.6193 0 0 0 1 0 1 1 0  0.59189586
 8 31  14.3807 0 0 0 1 0 0 1 0  0.75159880
 8 23   4.3807 0 0 0 1 0 1 0 1 -1.40439099
 8 30  17.3807 0 0 0 1 0 0 1 0  2.02922239
 8 28   4.3807 0 0 0 1 0 1 1 0  0.43219291
 8 29  -3.6193 0 0 0 1 0 0 0 1 -0.68572773
 9 28   4.3807 0 0 0 1 0 0 0 1 -0.92528215
 9 51  30.3807 0 0 0 1 0 0 1 0  1.15085617
 9 52   9.3807 0 0 0 1 0 0 1 0  0.35234143
 9 45 -10.6193 0 0 0 1 0 1 0 0  0.43219291
 9 44  -0.6193 0 0 0 1 0 0 1 0 -0.20661888
 9 57   0.3807 0 0 0 1 0 1 1 0  1.55011354
 9 53   0.3807 0 0 0 1 0 1 0 0 -0.60587625
 9 55  12.3807 0 0 0 1 0 1 1 0  2.18892533
 9 54  -9.6193 0 0 0 1 0 0 0 0  0.19263849
 9 58 -11.6193 0 0 0 1 0 0 0 0  0.67174733
 9 34   1.3807 0 0 0 1 0 0 0 1  1.70981649
 9 35 -15.6193 0 0 0 1 0 0 0 0 -1.88349983
 9 30   1.3807 0 0 0 1 0 1 0 1  0.03293554
 9 29  14.3807 0 0 0 1 0 0 1 0  1.62996502
   9 43  -5.6193 0 0 0 1 0 1 0 1 -0.366321
  9 42 -10.6193 0 0 0 1 0 1 0 1  0.1926384
  9 38  -6.6193 0 0 0 1 0 0 0 1  0.7515988
  9 40  19.3807 0 0 0 1 0 1 1 0  1.6299650
  9 39   9.3807 0 0 0 1 0 1 0 1 -0.0469159
  9  1  -6.6193 0 0 0 1 0 1 0 0 -0.1267674
  9 22   7.3807 0 0 0 1 0 0 1 0  1.3904105
  9 18  24.3807 0 0 0 1 0 0 1 0  1.3105591
  9 24   0.3807 0 0 0 1 0 0 0 1 -0.2066188
  9 26   9.3807 0 0 0 1 0 1 0 1 -0.2864703
  9 27   4.3807 0 0 0 1 0 0 1 0  0.2724899
  9  8  29.3807 0 0 0 1 0 0 1 0  2.0292223
  9 16  20.3807 0 0 0 1 0 1 1 0  2.0292223
  9 10  18.3807 0 0 0 1 0 1 0 1  1.5501135
  9 15   1.3807 0 0 0 1 0 1 0 1  0.9113017
  9 60  20.3807 0 0 0 1 0 1 1 0  1.5501135
  9 65  29.3807 0 0 0 1 0 1 1 0  1.9493709
  9 69  10.3807 0 0 0 1 0 0 0 1  0.3523414
  9 64   7.3807 0 0 0 1 0 0 0 1  0.8314502
  9 63   8.3807 0 0 0 1 0 0 1 0  1.5501135
  9 77  11.3807 0 0 0 1 0 0 1 0  1.1508561
  9 76  20.3807 0 0 0 1 0 0 1 0  1.3105591
  9 70   1.3807 0 0 0 1 0 1 0 1 -0.1267674
  9 74 -10.6193 0 0 0 1 0 0 0 1  1.2307076
  9 72   3.3807 0 0 0 1 0 1 0 1  0.5120443
 10 31 -11.6193 0 1 0 1 0 1 0 0 -0.3663218
 10 30   4.3807 0 1 0 1 0 1 1 0  0.9113017
 10 32  -8.6193 0 1 0 1 0 1 0 1  0.9911532
 10 34   1.3807 0 1 0 1 0 1 0 1 -0.2864703
 10 29  -1.6193 0 1 0 1 0 1 0 1 -0.4461733
 10 27  -3.6193 0 1 0 1 0 1 0 1  0.5120443
 10 28   9.3807 0 1 0 1 0 1 0 1  0.5120443
 10 25  14.3807 0 1 0 1 0 1 1 0  0.8314502
 10 44   1.3807 0 1 0 1 0 1 0 1  0.5918958
 10 43  11.3807 0 1 0 1 0 1 0 1  0.5918958
 10 45  -1.6193 0 1 0 1 0 1 1 0  1.3904105
 10 46  -6.6193 0 1 0 1 0 1 0 1  0.0329355
 10 36  10.3807 0 1 0 1 0 1 0 1  1.6299650
 10 37  14.3807 0 1 0 1 0 1 1 0  1.7896679
 10 42  -6.6193 0 1 0 1 0 1 0 1  0.5918958
 10 38   6.3807 0 1 0 1 0 1 1 0  1.4702620
 10 41  24.3807 0 1 0 1 0 1 1 0  2.2687768
 10 47  -1.6193 0 1 0 1 0 1 0 1  0.1127870
 10  8  12.3807 0 1 0 1 0 1 1 0  1.4702620
 10  7   4.3807 0 1 0 1 0 1 0 1 -0.9252821
 10  9  17.3807 0 1 0 1 0 1 1 0  1.3904105
 10 10  13.3807 0 1 0 1 0 1 0 1  0.8314502
  10 11   4.3807 0 1 0 1 0 1 1 0 -0.286470
 10  2   9.3807 0 1 0 1 0 1 0 1 -1.0051336
 10  3  19.3807 0 1 0 1 0 1 1 0  2.1090738
 10  4   0.3807 0 1 0 1 0 1 0 1  0.2724899
 10 23   2.3807 0 1 0 1 0 1 0 1  1.4702620
 10 20  29.3807 0 1 0 1 0 1 1 0  2.2687768
 10 19   2.3807 0 1 0 1 0 1 0 1  0.5918958
 10 21  -8.6193 0 1 0 1 0 1 0 1 -0.6857277
 10 22  -8.6193 0 1 0 1 0 1 0 0  0.1127870
 10 12  -2.6193 0 1 0 1 0 1 0 1  0.7515988
 10 15   5.3807 0 1 0 1 0 1 0 0  0.4321929
 10 14   3.3807 0 1 0 1 0 1 1 0  1.1508561
 10 18  25.3807 0 1 0 1 0 1 1 0  1.3904105
 10 16   5.3807 0 1 0 1 0 1 1 0  1.7098164
 10  1   7.3807 0 1 0 1 0 1 1 0  0.9911532
 10 76 -14.6193 0 1 0 1 0 1 0 1 -0.1267674
 10 75 -27.6193 0 1 0 1 0 1 0 0 -1.0849851
 10 79   5.3807 0 1 0 1 0 1 0 1  1.7896679
 10 80   6.3807 0 1 0 1 0 1 0 1  1.3904105
 10 70   7.3807 0 1 0 1 0 1 0 1  0.1926384
 10 74 -18.6193 0 1 0 1 0 1 0 1 -1.1648365
 10 72   8.3807 0 1 0 1 0 1 0 1  0.9113017
 10 73  12.3807 0 1 0 1 0 1 0 1 -0.2066188
 10 69  11.3807 0 1 0 1 0 1 1 0  1.5501135
 10 88 -18.6193 0 1 0 1 0 1 0 0 -0.1267674
 10 87  15.3807 0 1 0 1 0 1 1 0  1.2307076
 10 91  -9.6193 0 1 0 1 0 1 0 1 -0.4461733
 10 92 -21.6193 0 1 0 1 0 1 0 0 -1.4842424
 10 82  -1.6193 0 1 0 1 0 1 0 1  1.1508561
 10 83   7.3807 0 1 0 1 0 1 1 0  0.4321929
 10 86   7.3807 0 1 0 1 0 1 0 1  0.5918958
 10 84  -3.6193 0 1 0 1 0 1 0 1  0.3523414
 10 48  -6.6193 0 1 0 1 0 1 1 0  0.1127870
 10 54   9.3807 0 1 0 1 0 1 0 1  0.1926384
 10 53   0.3807 0 1 0 1 0 1 0 1  0.1127870
 10 55  -8.6193 0 1 0 1 0 1 0 0 -0.6058762
 10 56  12.3807 0 1 0 1 0 1 1 0  1.3904105
 10 57 -13.6193 0 1 0 1 0 1 0 1  0.3523414
 10 49  11.3807 0 1 0 1 0 1 1 0  1.7098164
 10 52   0.3807 0 1 0 1 0 1 1 0  0.3523414
 10 50   6.3807 0 1 0 1 0 1 1 0  0.5918958
 10 51   4.3807 0 1 0 1 0 1 0 1 -0.0469159
 10 67   6.3807 0 1 0 1 0 1 0 1  0.0329355
 10 65   0.3807 0 1 0 1 0 1 1 0  1.8695194
 10 64  -4.6193 0 1 0 1 0 1 0 1  0.5918958
 10 66  10.3807 0 1 0 1 0 1 1 0  0.9113017
 10 60  13.3807 0 1 0 1 0 1 0 1  0.1127870
  10  59  17.3807 0 1 0 1 0 1 0 1  1.94937
 10  63   5.3807 0 1 0 1 0 1 0 1 -0.206618
 10  61  15.3807 0 1 0 1 0 1 1 0 -0.126767
 10  62  -0.6193 0 1 0 1 0 1 0 1 -0.286470
 11  30  -9.6193 0 0 0 0 1 1 0 1 -0.206618
 11  37  37.3807 0 0 0 0 1 0 1 0  2.109073
 11  39   4.3807 0 0 0 0 1 1 0 1 -1.404390
 11  32  18.3807 0 0 0 0 1 0 1 0  1.150856
 11  34  22.3807 0 0 0 0 1 1 0 1 -0.046915
 11  40   7.3807 0 0 0 0 1 1 0 1 -0.366321
 11  21  -0.6193 0 0 0 0 1 1 1 0  0.591895
 11  22  16.3807 0 0 0 0 1 0 0 1  0.432192
 11  20  -6.6193 0 0 0 0 1 0 0 1  0.512044
 11  28  16.3807 0 0 0 0 1 1 1 0  0.512044
 11  23  -3.6193 0 0 0 0 1 1 0 1 -0.206618
 11  24  -2.6193 0 0 0 0 1 1 0 1 -1.084985
 11  19   6.3807 0 0 0 0 1 1 0 1 -0.605876
 11  62   6.3807 0 0 0 0 1 0 1 0 -1.244688
 11  59  -7.6193 0 0 0 0 1 0 0 1 -0.286470
 11  58   4.3807 0 0 0 0 1 0 0 1 -0.765579
 11  67  12.3807 0 0 0 0 1 0 0 1  1.071004
 11  64   3.3807 0 0 0 0 1 0 0 1 -0.446173
 11  66 -13.6193 0 0 0 0 1 0 0 1 -1.084985
 11  41  17.3807 0 0 0 0 1 1 1 0  1.230707
 11  46   4.3807 0 0 0 0 1 1 0 1  0.831450
 11  43 -26.6193 0 0 0 0 1 0 0 0 -1.404390
 11  53 -23.6193 0 0 0 0 1 0 0 0 -0.526024
 11  48   0.3807 0 0 0 0 1 1 0 1 -0.446173
 11  49   3.3807 0 0 0 0 1 0 1 0  0.032935
 11   6   6.3807 0 0 0 0 1 0 1 0  0.751598
 11   4 -12.6193 0 0 0 0 1 0 0 1 -1.244688
 11   7  -1.6193 0 0 0 0 1 0 1 0  0.751598
 11   2  -2.6193 0 0 0 0 1 0 0 0  0.831450
 11   1   2.3807 0 0 0 0 1 1 0 1  0.112787
 11  18  -0.6193 0 0 0 0 1 1 0 1 -0.046915
 11  12  -5.6193 0 0 0 0 1 1 0 1  0.032935
 11  13   8.3807 0 0 0 0 1 0 1 0  0.352341
 11  11  -5.6193 0 0 0 0 1 1 0 1 -0.366321
 11  17   5.3807 0 0 0 0 1 0 0 1 -0.526024
 11  15  10.3807 0 0 0 0 1 1 1 0  0.352341
 11  16 -15.6193 0 0 0 0 1 0 1 0  0.591895
 11  10 -21.6193 0 0 0 0 1 0 0 0 -1.643945
 11 137  16.3807 0 0 0 0 1 0 1 0 -0.446173
 11 135  -8.6193 0 0 0 0 1 1 0 0 -1.883499
 11 134  -9.6193 0 0 0 0 1 1 0 0 -1.084985
 11 144   3.3807 0 0 0 0 1 0 0 1 -0.765579
 11 140  -5.6193 0 0 0 0 1 0 1 0 -0.446173
  11 143   9.3807 0 0 0 0 1 1 1 0 -0.92528
 11 141 -15.6193 0 0 0 0 1 0 0 1 -0.845430
 11 123   1.3807 0 0 0 0 1 0 0 1 -0.605876
 11 124  11.3807 0 0 0 0 1 1 1 0  1.789667
 11 122  -7.6193 0 0 0 0 1 1 0 1 -0.925282
 11 133  -6.6193 0 0 0 0 1 1 0 1 -0.845430
 11 131  20.3807 0 0 0 0 1 0 1 0 -0.845430
 11 127   1.3807 0 0 0 0 1 1 0 1 -0.605876
 11 129  -5.6193 0 0 0 0 1 1 0 1 -1.643945
 11 121  20.3807 0 0 0 0 1 1 1 0 -0.126767
 11 169   8.3807 0 0 0 0 1 1 1 0 -0.765579
 11 170  -3.6193 0 0 0 0 1 0 0 1 -1.324539
 11 171  26.3807 0 0 0 0 1 0 1 0 -0.126767
 11 148  11.3807 0 0 0 0 1 1 1 0  1.550113
 11 154 -11.6193 0 0 0 0 1 0 0 0 -1.723796
 11 155  -8.6193 0 0 0 0 1 0 0 1 -0.925282
 11 153  -4.6193 0 0 0 0 1 0 0 1 -0.925282
 11 165   1.3807 0 0 0 0 1 1 1 0 -0.366321
 11 164 -26.6193 0 0 0 0 1 0 0 1 -0.925282
 11 159 -17.6193 0 0 0 0 1 0 0 1 -1.404390
 11 161  -7.6193 0 0 0 0 1 1 0 1 -1.404390
 11 160  11.3807 0 0 0 0 1 0 1 0  0.831450
 11  69 -12.6193 0 0 0 0 1 0 0 1 -1.883499
 11  82   9.3807 0 0 0 0 1 1 0 1  0.512044
 11  81   0.3807 0 0 0 0 1 1 0 1  0.352341
 11  80 -19.6193 0 0 0 0 1 1 0 0 -0.286470
 11  89 -16.6193 0 0 0 0 1 0 0 0 -1.723796
 11  85  -7.6193 0 0 0 0 1 0 0 1 -0.685727
 11  87  -9.6193 0 0 0 0 1 0 0 1 -1.963351
 11  86   3.3807 0 0 0 0 1 0 1 0 -1.164836
 11  90  -1.6193 0 0 0 0 1 1 0 1 -0.366321
 11  71 -11.6193 0 0 0 0 1 0 0 1 -0.366321
 11  70  22.3807 0 0 0 0 1 0 1 0  1.230707
 11  76   6.3807 0 0 0 0 1 1 0 1 -0.046915
 11 120   2.3807 0 0 0 0 1 0 1 0 -0.286470
 11 109  11.3807 0 0 0 0 1 0 0 1  0.352341
 11 108 -10.6193 0 0 0 0 1 1 0 1 -0.845430
 11 105 -14.6193 0 0 0 0 1 0 0 0 -1.883499
 11 119  -2.6193 0 0 0 0 1 1 0 1 -0.366321
 11 114 -21.6193 0 0 0 0 1 0 0 0 -1.883499
 11 115  -9.6193 0 0 0 0 1 0 0 1 -1.164836
 11  91  -1.6193 0 0 0 0 1 1 0 1  0.272489
 11  97   1.3807 0 0 0 0 1 1 0 1  0.192638
 11  93  23.3807 0 0 0 0 1 0 1 0  0.192638
 11  92   0.3807 0 0 0 0 1 1 0 1 -1.244688
 11 104  -3.6193 0 0 0 0 1 1 0 0 -1.244688
 11 103  18.3807 0 0 0 0 1 1 1 0  0.192638
  12 50  -1.6193 0 0 0 0 0 1 0 1  0.512044
 12 29  -7.6193 0 0 0 0 0 0 0 1 -1.8834998
 12 31   5.3807 0 0 0 0 0 0 0 1 -0.8454306
 12 37  21.3807 0 0 0 0 0 0 0 1 -0.5260247
 12 32 -14.6193 0 0 0 0 0 1 0 0 -1.0051336
 12 34 -20.6193 0 0 0 0 0 0 0 0  0.9911532
 12 33  14.3807 0 0 0 0 0 0 1 0 -0.2864703
 12 22 -12.6193 0 0 0 0 0 1 0 1 -1.5640939
 12 64   2.3807 0 0 0 0 0 1 1 0  0.7515988
 12 63   6.3807 0 0 0 0 0 0 1 0 -0.5260247
 12 71  -1.6193 0 0 0 0 0 1 0 1  0.9911532
 12 78   7.3807 0 0 0 0 0 1 0 1 -0.7655792
 12 73  12.3807 0 0 0 0 0 1 0 1  0.8314502
 12 54 -12.6193 0 0 0 0 0 1 0 0 -1.8036483
 12 53 -27.6193 0 0 0 0 0 1 0 0 -2.0432027
 12 61  18.3807 0 0 0 0 0 0 1 0  0.9911532
 12 60   1.3807 0 0 0 0 0 1 0 1 -0.7655792
 12 57  -2.6193 0 0 0 0 0 1 0 1 -1.0051336
 12 59 -18.6193 0 0 0 0 0 0 0 1 -1.0051336
 12 58   4.3807 0 0 0 0 0 1 0 1  0.0329355
 12 16   1.3807 0 0 0 0 0 1 0 0 -1.8834998
 12 19  -7.6193 0 0 0 0 0 1 0 0 -0.2864703
 12 17 -18.6193 0 0 0 0 0 0 0 0 -1.9633513
 12 18 -11.6193 0 0 0 0 0 0 0 1  1.0710047
 12 11   3.3807 0 0 0 0 0 1 0 0 -1.7237968
 12  1 -20.6193 0 0 0 0 0 1 0 0 -0.9252821
 13 61  18.3807 1 0 0 0 0 0 1 0  0.4321929
 13 66   9.3807 1 0 0 0 0 0 1 0  2.2687768
 13 60  -5.6193 1 0 0 0 0 0 0 1 -0.1267674
 13 73  -6.6193 1 0 0 0 0 0 0 1  1.1508561
 13 72  -0.6193 1 0 0 0 0 0 0 1  0.3523414
 13 74   2.3807 1 0 0 0 0 0 1 0  1.7896679
 13 75 -34.6193 1 0 0 0 0 0 0 1 -0.6857277
 13 70 -16.6193 1 0 0 0 0 0 0 0 -1.1648365
 13 76  -9.6193 1 0 0 0 0 0 0 1 -0.5260247
 13 44  -0.6193 1 0 0 0 0 0 0 0 -0.0469159
 13 37   0.3807 1 0 0 0 0 0 0 1  1.2307076
 13 59  15.3807 1 0 0 0 0 0 1 0  2.1090738
 13 54   4.3807 1 0 0 0 0 0 1 0 -0.2066188
 13 56   4.3807 1 0 0 0 0 0 0 1 -0.4461733
 13 57 -26.6193 1 0 0 0 0 0 0 1  0.1127870
 13 47  -1.6193 1 0 0 0 0 0 0 1 -1.3245395
 13 48 -10.6193 1 0 0 0 0 0 0 0  1.8695194
 13 53  16.3807 1 0 0 0 0 0 1 0  0.4321929
 13 49   8.3807 1 0 0 0 0 0 0 1  2.1889253
 13 51 -19.6193 1 0 0 0 0 0 1 0  0.6717473
 13 36  -5.6193 1 0 0 0 0 0 0 1 -1.9633513
  13 105   2.3807 1 0 0 0 0 0 0 1 -0.36632
 13 106   6.3807 1 0 0 0 0 0 1 0  0.671747
 13 107   0.3807 1 0 0 0 0 0 1 0  0.192638
 13 102 -10.6193 1 0 0 0 0 0 0 1 -0.685727
 13  86  -4.6193 1 0 0 0 0 0 0 0 -0.845430
 13  87  -3.6193 1 0 0 0 0 0 0 1  0.751598
 13  88 -14.6193 1 0 0 0 0 0 0 0 -0.685727
 13  97 -15.6193 1 0 0 0 0 0 0 1 -1.404390
 13  16 -14.6193 1 0 0 0 0 0 0 0  0.831450
 13  33   0.3807 1 0 0 0 0 0 0 1 -0.765579
 13  27   1.3807 1 0 0 0 0 0 0 1 -0.526024
 13  15 -17.6193 1 0 0 0 0 0 0 1 -0.925282
 13  12  -8.6193 1 0 0 0 0 0 0 1  1.310559
 13  11  -7.6193 1 0 0 0 0 0 0 1  0.991153
 13   6   0.3807 1 0 0 0 0 0 0 1  0.831450
 13  10  -7.6193 1 0 0 0 0 0 0 1 -1.084985
 14 141   4.3807 0 1 0 0 0 1 0 1 -0.845430
 14 139 -18.6193 0 1 0 0 0 1 0 1 -0.286470
 14 142  -3.6193 0 1 0 0 0 1 0 1  0.352341
 14 132   8.3807 0 1 0 0 0 1 1 0 -0.046915
 14 138 -11.6193 0 1 0 0 0 1 0 1  0.112787
 14 137 -12.6193 0 1 0 0 0 1 0 1 -0.126767
 14 143 -20.6193 0 1 0 0 0 1 0 0 -0.446173
 14 106  -8.6193 0 1 0 0 0 1 1 0  1.071004
 14 105  13.3807 0 1 0 0 0 1 1 0 -0.286470
 14 108 -11.6193 0 1 0 0 0 1 0 0 -1.164836
 14 109 -18.6193 0 1 0 0 0 1 0 0 -0.845430
 14  93  17.3807 0 1 0 0 0 1 0 1  0.192638
 14  91  -0.6193 0 1 0 0 0 1 0 1  0.272489
 14 104   3.3807 0 1 0 0 0 1 0 1 -0.046915
 14  95  -8.6193 0 1 0 0 0 1 0 1 -0.206618
 14 102 -24.6193 0 1 0 0 0 1 0 0 -1.643945
 14 131  18.3807 0 1 0 0 0 1 1 0  0.671747
 14 127 -20.6193 0 1 0 0 0 1 0 1 -1.963351
 14 126 -27.6193 0 1 0 0 0 1 0 0 -2.123054
 14 128 -22.6193 0 1 0 0 0 1 0 0 -2.123054
 14 130   5.3807 0 1 0 0 0 1 0 1 -0.605876
 14 110 -24.6193 0 1 0 0 0 1 0 0 -1.564093
 14 112   0.3807 0 1 0 0 0 1 0 1  0.751598
 14 119 -30.6193 0 1 0 0 0 1 0 0 -1.564093
 14 144 -16.6193 0 1 0 0 0 1 0 0 -0.206618
 14 151  -4.6193 0 1 0 0 0 1 0 1 -1.244688
 14 149  -8.6193 0 1 0 0 0 1 0 1 -1.084985
 14 152  15.3807 0 1 0 0 0 1 1 0  0.352341
 14 148  -3.6193 0 1 0 0 0 1 0 1  0.032935
 14 146   7.3807 0 1 0 0 0 1 1 0  1.150856
 14 163   4.3807 0 1 0 0 0 1 0 1 -0.126767
  14 162 -19.6193 0 1 0 0 0 1 0 1 -0.84543
 14 168 -22.6193 0 1 0 0 0 1 0 0 -1.084985
 14 155  -6.6193 0 1 0 0 0 1 0 1 -0.765579
 14 156   0.3807 0 1 0 0 0 1 0 1  0.512044
 14 160   1.3807 0 1 0 0 0 1 0 1 -0.126767
 14 158 -24.6193 0 1 0 0 0 1 0 0 -0.845430
 14   3 -12.6193 0 1 0 0 0 1 0 1 -0.286470
 14   4  -5.6193 0 1 0 0 0 1 0 1 -0.366321
 14  13   1.3807 0 1 0 0 0 1 0 1 -0.685727
 14  12  -6.6193 0 1 0 0 0 1 0 1 -0.685727
 14  26  -1.6193 0 1 0 0 0 1 0 1 -1.564093
 14   5   2.3807 0 1 0 0 0 1 1 0  0.432192
 14   6   0.3807 0 1 0 0 0 1 0 1 -0.286470
 14   9  15.3807 0 1 0 0 0 1 0 1  0.192638
 14  27  -7.6193 0 1 0 0 0 1 0 1 -0.526024
 14  64 -11.6193 0 1 0 0 0 1 0 1 -0.765579
 14  66   1.3807 0 1 0 0 0 1 1 0 -0.526024
 14  67   9.3807 0 1 0 0 0 1 0 1  0.032935
 14  57   7.3807 0 1 0 0 0 1 0 1  0.831450
 14  59  -8.6193 0 1 0 0 0 1 0 1 -0.046915
 14  58  -5.6193 0 1 0 0 0 1 0 1 -0.605876
 14  56 -22.6193 0 1 0 0 0 1 0 0 -0.925282
 14  80  -1.6193 0 1 0 0 0 1 1 0  0.911301
 14  83 -14.6193 0 1 0 0 0 1 0 1 -0.685727
 14  68  22.3807 0 1 0 0 0 1 1 0  0.512044
 14  70 -16.6193 0 1 0 0 0 1 0 0 -1.084985
 14  75 -17.6193 0 1 0 0 0 1 0 1 -0.206618
 14  74 -13.6193 0 1 0 0 0 1 0 1 -0.685727
 14  28 -34.6193 0 1 0 0 0 1 0 0 -2.123054
 14  38  -2.6193 0 1 0 0 0 1 0 1 -0.366321
 14  39 -13.6193 0 1 0 0 0 1 0 1  0.591895
 14  40  -7.6193 0 1 0 0 0 1 0 0 -0.366321
 14  29  -5.6193 0 1 0 0 0 1 0 1 -0.925282
 14  33  -8.6193 0 1 0 0 0 1 0 0 -1.564093
 14  30 -20.6193 0 1 0 0 0 1 0 0 -0.526024
 14  55 -17.6193 0 1 0 0 0 1 0 0 -0.605876
 14  51   3.3807 0 1 0 0 0 1 0 1 -1.404390
 14  47  -5.6193 0 1 0 0 0 1 0 1  0.192638
 14  52 -13.6193 0 1 0 0 0 1 0 0 -1.164836
 14  42 -15.6193 0 1 0 0 0 1 0 0 -1.164836
 14  46 -23.6193 0 1 0 0 0 1 0 0 -1.963351
 14  45  17.3807 0 1 0 0 0 1 0 1  0.272489
 15  41 -24.6193 0 0 0 0 0 0 0 0 -0.605876
 15  42   2.3807 0 0 0 0 0 0 1 0  0.352341
 15  32 -12.6193 0 0 0 0 0 0 0 1  1.310559
 15  31 -13.6193 0 0 0 0 0 1 0 1 -0.046915
 15  35   2.3807 0 0 0 0 0 1 1 0  0.192638
  15  34  -7.6193 0 0 0 0 0 1 0 0  0.59189
 15  57   3.3807 0 0 0 0 0 0 0 1  0.352341
 15  55  -8.6193 0 0 0 0 0 0 0 1 -0.925282
 15  53   6.3807 0 0 0 0 0 0 1 0 -0.126767
 15  58  -8.6193 0 0 0 0 0 0 0 1  0.991153
 15  61  -7.6193 0 0 0 0 0 0 0 1 -0.925282
 15  44 -19.6193 0 0 0 0 0 0 0 0 -1.803648
 15  46 -14.6193 0 0 0 0 0 1 0 0 -0.685727
 15  45 -12.6193 0 0 0 0 0 0 0 1 -1.164836
 15  51   8.3807 0 0 0 0 0 0 0 1  0.591895
 15   2   1.3807 0 0 0 0 0 0 1 0  0.911301
 15  14  -6.6193 0 0 0 0 0 1 0 1 -0.446173
 15  12 -16.6193 0 0 0 0 0 1 0 1 -0.446173
 15  11   1.3807 0 0 0 0 0 1 1 0  1.310559
 15  15  -6.6193 0 0 0 0 0 1 0 1  0.272490
 15   5  -7.6193 0 0 0 0 0 1 0 1  0.192638
 15   4 -31.6193 0 0 0 0 0 0 0 0 -1.324539
 15   9 -12.6193 0 0 0 0 0 0 0 1  0.272490
 15   8   3.3807 0 0 0 0 0 0 0 1 -0.605876
 15  29   7.3807 0 0 0 0 0 1 1 0  1.470262
 15  26  -0.6193 0 0 0 0 0 0 0 1 -0.685727
 15  24  12.3807 0 0 0 0 0 1 1 0  1.470262
 15  28  12.3807 0 0 0 0 0 1 0 1 -1.404391
 15  18   2.3807 0 0 0 0 0 0 0 1  0.352341
 15  19   6.3807 0 0 0 0 0 0 0 1  1.071004
 15  21   4.3807 0 0 0 0 0 0 0 0 -1.164836
 15  22 -10.6193 0 0 0 0 0 1 0 1 -0.366321
 15  62  -9.6193 0 0 0 0 0 0 0 1 -1.164836
 15 148  -6.6193 0 0 0 0 0 1 0 1 -1.164836
 15 150 -20.6193 0 0 0 0 0 0 0 1 -0.366321
 15 149  -3.6193 0 0 0 0 0 0 0 0 -0.366321
 15 147  -5.6193 0 0 0 0 0 1 0 0 -1.164836
 15  96   7.3807 0 0 0 0 0 0 1 0  0.831450
 15  95 -17.6193 0 0 0 0 0 1 0 0 -0.126767
 15  97 -19.6193 0 0 0 0 0 0 0 1 -0.366321
 15  90   1.3807 0 0 0 0 0 1 0 1 -0.446173
 15  93 -20.6193 0 0 0 0 0 0 0 0 -1.005133
 15  92  -6.6193 0 0 0 0 0 0 0 0 -1.164836
 15 107   3.3807 0 0 0 0 0 0 0 1 -0.206618
 15 106 -13.6193 0 0 0 0 0 1 0 1 -0.446173
 15 108 -22.6193 0 0 0 0 0 0 0 0 -1.244688
 15 101 -12.6193 0 0 0 0 0 0 0 1 -0.845430
 15 102   6.3807 0 0 0 0 0 1 0 1  0.272490
 15 110 -29.6193 0 0 0 0 0 1 0 1 -0.446173
 15  73 -25.6193 0 0 0 0 0 1 0 0 -1.484242
 15  72 -10.6193 0 0 0 0 0 0 0 1  0.112787
 15  76   0.3807 0 0 0 0 0 1 0 0 -0.366321
  15  69  19.3807 0 0 0 0 0 0 0 1  0.67174
 15  67 -10.6193 0 0 0 0 0 0 0 1 -0.366321
 15  87  -1.6193 0 0 0 0 0 0 1 0  0.991153
 15  85  -0.6193 0 0 0 0 0 1 1 0  0.352341
 15  83 -28.6193 0 0 0 0 0 1 0 0 -1.723796
 15  78  -2.6193 0 0 0 0 0 0 0 1 -0.526024
 15  79  -0.6193 0 0 0 0 0 1 0 1  0.671747
 15  81 -10.6193 0 0 0 0 0 1 0 1 -0.286470
 15  80   9.3807 0 0 0 0 0 1 1 0  0.591895
 15 128  -7.6193 0 0 0 0 0 1 0 1 -1.404390
 15 130  12.3807 0 0 0 0 0 1 1 0  1.949370
 15 131 -19.6193 0 0 0 0 0 0 0 0 -0.446173
 15 124 -18.6193 0 0 0 0 0 0 0 0 -1.005133
 15 127  -0.6193 0 0 0 0 0 0 1 0  0.591895
 15 126  -1.6193 0 0 0 0 0 1 1 0  0.911301
 15 122 -10.6193 0 0 0 0 0 0 0 0 -2.043202
 15 144  -6.6193 0 0 0 0 0 0 0 1 -0.765579
 15 138 -21.6193 0 0 0 0 0 0 0 1 -1.244688
 15 136 -32.6193 0 0 0 0 0 0 0 0 -1.803648
 15 120  -0.6193 0 0 0 0 0 0 0 1 -0.126767
 15 119  -7.6193 0 0 0 0 0 0 0 1 -0.765579
 15 115 -10.6193 0 0 0 0 0 1 0 1 -0.765579
 15 118 -19.6193 0 0 0 0 0 0 0 1 -1.324539
 16   9   9.3807 1 0 0 0 0 0 0 1  1.629965
 16  10 -34.6193 1 0 0 0 0 0 0 0  0.112787
 16   1 -10.6193 1 0 0 0 0 0 0 1  0.432192
 16   3   2.3807 1 0 0 0 0 0 0 1  0.751598
 16  12 -27.6193 1 0 0 0 0 0 0 0 -1.883499
 16  13  -2.6193 1 0 0 0 0 0 0 0  0.032935
 16  69  -6.6193 1 0 0 0 0 0 0 1 -0.685727
 16  67 -22.6193 1 0 0 0 0 0 0 0 -1.564093
 16  66   2.3807 1 0 0 0 0 0 0 1  0.192638
 16  70  -1.6193 1 0 0 0 0 0 0 0  0.512044
 16  73   4.3807 1 0 0 0 0 0 0 1  0.591895
 16  82   1.3807 1 0 0 0 0 0 0 1 -1.005133
 16  49   0.3807 1 0 0 0 0 0 0 1 -0.845430
 16  50  13.3807 1 0 0 0 0 0 1 0  0.991153
 16  47  -6.6193 1 0 0 0 0 0 0 1 -0.126767
 16  60   9.3807 1 0 0 0 0 0 0 1  0.991153
 16  59 -15.6193 1 0 0 0 0 0 0 0 -1.005133
 16  52 -29.6193 1 0 0 0 0 0 0 0 -1.404390
 16  58 -11.6193 1 0 0 0 0 0 0 0 -1.005133
 16 106 -17.6193 1 0 0 0 0 0 0 1  0.272489
 16 110 -10.6193 1 0 0 0 0 0 0 1 -1.005133
 16 103  10.3807 1 0 0 0 0 0 0 1  0.911301
 16 112   7.3807 1 0 0 0 0 0 1 0  0.032935
 16 113 -15.6193 1 0 0 0 0 0 0 0 -0.845430
  16  84  -7.6193 1 0 0 0 0 0 0 1  0.03293
 16  85 -11.6193 1 0 0 0 0 0 0 0 -1.084985
 16  99  -2.6193 1 0 0 0 0 0 0 0  0.192638
 16  96  -8.6193 1 0 0 0 0 0 0 1  0.751598
 16  92 -31.6193 1 0 0 0 0 0 0 0 -0.685727
 16  94   7.3807 1 0 0 0 0 0 0 1  1.709816
 16  93  -6.6193 1 0 0 0 0 0 0 1 -0.366321
 16  26  -8.6193 1 0 0 0 0 0 0 1 -1.084985
 16  15  -8.6193 1 0 0 0 0 0 0 0 -1.404390
 16  17 -14.6193 1 0 0 0 0 0 0 0 -0.605876
 16  38  -1.6193 1 0 0 0 0 0 0 1 -1.244688
 16  34 -16.6193 1 0 0 0 0 0 0 1 -1.324539
 16  37   0.3807 1 0 0 0 0 0 0 1  0.352341
 16  31  -4.6193 1 0 0 0 0 0 0 1 -0.206618
 16  30   3.3807 1 0 0 0 0 0 1 0  0.991153
 17   2   5.3807 0 0 1 0 0 0 0 1 -1.005133
 17   4  11.3807 0 0 1 0 0 1 1 0 -0.925282
 17   3  -7.6193 0 0 1 0 0 0 0 1  0.352341
 17   8  -0.6193 0 0 1 0 0 1 0 1 -0.845430
 17   9   2.3807 0 0 1 0 0 0 0 1 -0.366321
 17   1 -18.6193 0 0 1 0 0 1 0 0 -1.005133
 17  10  -0.6193 0 0 1 0 0 1 0 1 -0.605876
 17  69  10.3807 0 0 1 0 0 0 0 1  0.112787
 17  71 -23.6193 0 0 1 0 0 0 0 0 -1.643945
 17  66  -4.6193 0 0 1 0 0 0 0 1 -1.164836
 17  65  20.3807 0 0 1 0 0 1 1 0 -0.366321
 17  76  -6.6193 0 0 1 0 0 0 0 1 -1.244688
 17  72  -0.6193 0 0 1 0 0 0 0 1 -0.605876
 17  73  -9.6193 0 0 1 0 0 0 0 1 -0.765579
 17  77  -9.6193 0 0 1 0 0 0 0 1 -1.324539
 17  57   3.3807 0 0 1 0 0 0 1 0 -1.084985
 17  56   5.3807 0 0 1 0 0 1 0 1 -1.084985
 17  54  -2.6193 0 0 1 0 0 0 0 1 -0.526024
 17  64   4.3807 0 0 1 0 0 0 0 1 -1.244688
 17  63  -1.6193 0 0 1 0 0 1 0 0  0.032935
 17  61  10.3807 0 0 1 0 0 1 1 0  0.192638
 17  60   2.3807 0 0 1 0 0 0 0 0 -0.366321
 17  89 -12.6193 0 0 1 0 0 0 0 0 -1.404390
 17 100  -9.6193 0 0 1 0 0 0 0 0 -1.404390
 17  99   2.3807 0 0 1 0 0 0 0 1 -1.723796
 17  98  -2.6193 0 0 1 0 0 1 1 0 -1.244688
 17  83   6.3807 0 0 1 0 0 1 1 0  0.192638
 17  80 -15.6193 0 0 1 0 0 0 0 1 -0.286470
 17  88 -15.6193 0 0 1 0 0 1 0 0 -1.244688
 17  87  10.3807 0 0 1 0 0 1 0 1 -0.206618
 17  86   7.3807 0 0 1 0 0 1 1 0 -1.404390
 17  85   5.3807 0 0 1 0 0 0 0 1 -1.484242
  17 104 -13.6193 0 0 1 0 0 1 0 0 -1.08498
 17  23   8.3807 0 0 1 0 0 0 0 1 -0.286470
 17  24 -12.6193 0 0 1 0 0 0 0 0 -1.164836
 17  22  -9.6193 0 0 1 0 0 0 0 0 -1.244688
 17  21 -19.6193 0 0 1 0 0 0 0 0 -1.484242
 17  29   5.3807 0 0 1 0 0 0 0 1 -1.244688
 17  25  -1.6193 0 0 1 0 0 1 1 0 -0.845430
 17  27   4.3807 0 0 1 0 0 1 0 1 -0.206618
 17  30  -4.6193 0 0 1 0 0 1 0 1 -0.366321
 17  13  -7.6193 0 0 1 0 0 1 0 1 -0.765579
 17  14 -25.6193 0 0 1 0 0 1 0 0 -1.404390
 17  11   0.3807 0 0 1 0 0 1 0 1  0.112787
 17  15  16.3807 0 0 1 0 0 1 1 0 -0.046915
 17  17 -34.6193 0 0 1 0 0 0 0 0 -1.963351
 17  16   5.3807 0 0 1 0 0 1 0 1 -0.526024
 17  45 -17.6193 0 0 1 0 0 0 0 0 -0.605876
 17  47 -18.6193 0 0 1 0 0 0 0 0  0.671747
 17  48  -3.6193 0 0 1 0 0 1 0 1 -0.925282
 17  36   1.3807 0 0 1 0 0 1 0 1 -1.164836
 17  33   4.3807 0 0 1 0 0 1 0 1 -1.005133
 17  32  -6.6193 0 0 1 0 0 0 0 1  0.192638
 17  41  -7.6193 0 0 1 0 0 0 0 1 -1.005133
 17  37  -9.6193 0 0 1 0 0 0 0 1 -1.484242
 17 109  -2.6193 0 0 1 0 0 1 0 1 -0.526024
 17 106  -8.6193 0 0 1 0 0 0 0 1 -1.005133
 18  36  12.3807 0 1 0 0 0 1 0 1  0.751598
 18  40 -11.6193 0 1 0 0 0 1 0 1 -0.605876
 18  42  10.3807 0 1 0 0 0 1 1 0  1.709816
 18  34 -17.6193 0 1 0 0 0 1 0 1  0.831450
 18  50  -4.6193 0 1 0 0 0 1 0 1 -0.046915
 18  48   7.3807 0 1 0 0 0 1 1 0 -0.046915
 18  47   3.3807 0 1 0 0 0 1 1 0  1.230707
 18  43  10.3807 0 1 0 0 0 1 0 1  0.671747
 18  44  -3.6193 0 1 0 0 0 1 0 1  0.192638
 18  45  -9.6193 0 1 0 0 0 1 0 1 -0.366321
 18  26  -4.6193 0 1 0 0 0 1 0 1  1.150856
 18  77 -16.6193 0 1 0 0 0 1 0 1 -0.925282
 18  78  14.3807 0 1 0 0 0 1 0 1  1.709816
 18  79  -4.6193 0 1 0 0 0 1 0 1 -0.765579
 18  72 -28.6193 0 1 0 0 0 1 0 1 -1.084985
 18  76   1.3807 0 1 0 0 0 1 0 1 -0.286470
 18  71  -8.6193 0 1 0 0 0 1 0 1  0.432192
 18  88   4.3807 0 1 0 0 0 1 1 0  1.550113
 18  80  -9.6193 0 1 0 0 0 1 1 0  0.192638
 18  81   4.3807 0 1 0 0 0 1 0 1  1.550113
 18  83 -22.6193 0 1 0 0 0 1 0 0 -1.164836
 18  54  -4.6193 0 1 0 0 0 1 0 1  0.512044
  18  58   2.3807 0 1 0 0 0 1 0 1 -0.20661
 18  59 -11.6193 0 1 0 0 0 1 0 1 -0.206618
 18  60 -11.6193 0 1 0 0 0 1 0 1 -0.605876
 18  57  -8.6193 0 1 0 0 0 1 0 1  0.352341
 18  56  -1.6193 0 1 0 0 0 1 1 0  1.150856
 18  70   4.3807 0 1 0 0 0 1 0 1  0.432192
 18  68   6.3807 0 1 0 0 0 1 1 0  0.831450
 18  69   0.3807 0 1 0 0 0 1 0 1 -0.765579
 18  61 -22.6193 0 1 0 0 0 1 0 0 -0.206618
 18  62  -9.6193 0 1 0 0 0 1 0 1  0.432192
 18  64   5.3807 0 1 0 0 0 1 1 0  0.512044
 18  63   4.3807 0 1 0 0 0 1 0 1 -0.206618
 18   9  -8.6193 0 1 0 0 0 1 0 0  0.112787
 18  10  -3.6193 0 1 0 0 0 1 0 1  1.470262
 18  11  13.3807 0 1 0 0 0 1 1 0  0.911301
 18  23 -17.6193 0 1 0 0 0 1 0 0  0.831450
 18  24 -12.6193 0 1 0 0 0 1 0 0  0.032935
 18   4   2.3807 0 1 0 0 0 1 0 1  1.071004
 18   2  -5.6193 0 1 0 0 0 1 0 1  0.432192
 18   3  -7.6193 0 1 0 0 0 1 0 1  0.112787
 18   1  -9.6193 0 1 0 0 0 1 0 1  0.512044
 18 131 -13.6193 0 1 0 0 0 1 0 1 -0.925282
 18 132 -10.6193 0 1 0 0 0 1 0 1 -0.765579
 18 130   8.3807 0 1 0 0 0 1 0 1  0.831450
 18 129  16.3807 0 1 0 0 0 1 0 1  0.591895
 18 127 -13.6193 0 1 0 0 0 1 0 1  0.272489
 18 138  -1.6193 0 1 0 0 0 1 0 1  0.751598
 18 139  -3.6193 0 1 0 0 0 1 0 1 -0.845430
 18 134  -4.6193 0 1 0 0 0 1 0 1 -0.206618
 18 137  10.3807 0 1 0 0 0 1 1 0  1.230707
 18 136   5.3807 0 1 0 0 0 1 1 0  1.709816
 18 115  -3.6193 0 1 0 0 0 1 0 1  0.032935
 18 118  -0.6193 0 1 0 0 0 1 0 1  1.230707
 18 114 -26.6193 0 1 0 0 0 1 0 0  0.911301
 18 113 -13.6193 0 1 0 0 0 1 0 0 -0.286470
 18 126 -13.6193 0 1 0 0 0 1 0 1 -1.164836
 18 124 -12.6193 0 1 0 0 0 1 0 1  1.150856
 18 125 -11.6193 0 1 0 0 0 1 0 0 -1.244688
 18 119   8.3807 0 1 0 0 0 1 1 0  0.591895
 18 121   8.3807 0 1 0 0 0 1 0 1 -0.526024
 18 123  -4.6193 0 1 0 0 0 1 0 1 -0.605876
 18 122  -6.6193 0 1 0 0 0 1 0 1  0.112787
 18 112  35.3807 0 1 0 0 0 1 1 0  2.029222
 18 142   0.3807 0 1 0 0 0 1 0 1 -0.526024
 18 147   7.3807 0 1 0 0 0 1 0 1 -0.605876
 18 144   7.3807 0 1 0 0 0 1 0 1  0.272489
 18 143 -22.6193 0 1 0 0 0 1 0 0 -1.244688
  18 150 -12.6193 0 1 0 0 0 1 0 1  0.19263
 18 151 -22.6193 0 1 0 0 0 1 0 0 -0.925282
 18 100   6.3807 0 1 0 0 0 1 0 1  0.591895
 18 101  -0.6193 0 1 0 0 0 1 0 1 -0.925282
 18  96   4.3807 0 1 0 0 0 1 0 1 -1.564093
 18 110  -4.6193 0 1 0 0 0 1 0 1  0.272489
 18 108  -6.6193 0 1 0 0 0 1 0 1  0.591895
 18 103  10.3807 0 1 0 0 0 1 0 1  0.911301
 18 104  -8.6193 0 1 0 0 0 1 0 1  0.112787
 18 105  -4.6193 0 1 0 0 0 1 0 1  0.032935
 19 131  -2.6193 0 1 0 1 0 1 0 1  0.272489
 19 103  -0.6193 0 1 0 1 0 1 1 0  0.512044
 19 100   2.3807 0 1 0 1 0 1 0 1  1.071004
 19 113   1.3807 0 1 0 1 0 1 0 0  0.272489
 19 115 -23.6193 0 1 0 1 0 1 0 0 -0.286470
 19 118   8.3807 0 1 0 1 0 1 1 0  1.390410
 19  86  -5.6193 0 1 0 1 0 1 0 1 -1.244688
 19  79  23.3807 0 1 0 1 0 1 1 0  2.508331
 19  87 -25.6193 0 1 0 1 0 1 1 0  1.230707
 19  88  -8.6193 0 1 0 1 0 1 0 0 -1.564093
 19  78  -3.6193 0 1 0 1 0 1 0 1 -0.046915
 19 137  -2.6193 0 1 0 1 0 1 0 0 -1.244688
 19 139   5.3807 0 1 0 1 0 1 0 1  0.671747
 19 141 -10.6193 0 1 0 1 0 1 0 0 -1.643945
 19 133  20.3807 0 1 0 1 0 1 1 0  2.188925
 19 132  -4.6193 0 1 0 1 0 1 0 1 -1.564093
 19 127  10.3807 0 1 0 1 0 1 0 1 -0.366321
 19 128   3.3807 0 1 0 1 0 1 1 0  1.150856
 19 130  18.3807 0 1 0 1 0 1 1 0  2.827737
 19   6   8.3807 0 1 0 1 0 1 1 0  0.911301
 19  20  -1.6193 0 1 0 1 0 1 0 0 -1.164836
 19  16  10.3807 0 1 0 1 0 1 1 0  0.911301
 19  14   2.3807 0 1 0 1 0 1 0 1  1.071004
 19  36  10.3807 0 1 0 1 0 1 1 0  2.188925
 19  37  -8.6193 0 1 0 1 0 1 0 1 -0.126767
 19  42  26.3807 0 1 0 1 0 1 1 0  1.310559
 19   8  16.3807 0 1 0 1 0 1 1 0  1.310559
 19   7   7.3807 0 1 0 1 0 1 0 1  1.230707
 19  12  14.3807 0 1 0 1 0 1 0 1  0.352341
 19   9  -0.6193 0 1 0 1 0 1 0 1 -1.244688
 19  10 -11.6193 0 1 0 1 0 1 0 1 -1.164836
 19  77 -19.6193 0 1 0 1 0 1 0 1 -1.244688
 19  71   9.3807 0 1 0 1 0 1 1 0  1.629965
 19  64  12.3807 0 1 0 1 0 1 0 1  1.470262
 19  76  -4.6193 0 1 0 1 0 1 0 1 -0.286470
 19  73  -3.6193 0 1 0 1 0 1 0 0 -1.084985
 19  75  35.3807 0 1 0 1 0 1 1 0  1.150856
  19  44  -5.6193 0 1 0 1 0 1 0 1 -0.52602
 19  58  35.3807 0 1 0 1 0 1 1 0  2.987440
 19  62  23.3807 0 1 0 1 0 1 1 0  3.546400
 19  55  14.3807 0 1 0 1 0 1 1 0  2.188925
 19  52  -1.6193 0 1 0 1 0 1 0 1  0.272489
 20   9   3.3807 0 1 0 0 1 1 0 1  0.751598
 20   7 -10.6193 0 1 0 0 1 1 0 0 -0.925282
 20  10  -6.6193 0 1 0 0 1 1 0 1  0.272489
 20 105  -0.6193 0 1 0 0 1 1 0 1 -1.084985
 20 104  -6.6193 0 1 0 0 1 1 0 1 -1.005133
 20   4  -0.6193 0 1 0 0 1 1 0 1  0.432192
 20   1   3.3807 0 1 0 0 1 1 0 1 -0.286470
 20   3   1.3807 0 1 0 0 1 1 0 1  0.991153
 20  11  -3.6193 0 1 0 0 1 1 0 1  0.991153
 20 123 -10.6193 0 1 0 0 1 1 0 0  0.352341
 20 122  -0.6193 0 1 0 0 1 1 0 1 -0.925282
 20 119   3.3807 0 1 0 0 1 1 0 1 -0.366321
 20 115 -16.6193 0 1 0 0 1 1 0 1 -0.685727
 20 114   6.3807 0 1 0 0 1 1 0 1  0.671747
 20 112   3.3807 0 1 0 0 1 1 0 1  0.112787
 20 113 -13.6193 0 1 0 0 1 1 0 0 -1.005133
 20 107  -5.6193 0 1 0 0 1 1 0 1 -0.446173
 20 106  -0.6193 0 1 0 0 1 1 0 1 -1.005133
 20 103 -27.6193 0 1 0 0 1 1 0 1 -0.206618
 20  76 -23.6193 0 1 0 0 1 1 0 0  0.272489
 20  74  -2.6193 0 1 0 0 1 1 0 1 -0.765579
 20  79   6.3807 0 1 0 0 1 1 0 1  1.390410
 20  83  -3.6193 0 1 0 0 1 1 0 1  0.352341
 20  70 -21.6193 0 1 0 0 1 1 0 0 -0.366321
 20  54  -7.6193 0 1 0 0 1 1 0 0 -1.404390
 20  98  -0.6193 0 1 0 0 1 1 0 1  1.789667
 20  95  -2.6193 0 1 0 0 1 1 0 1  0.671747
 20  99   0.3807 0 1 0 0 1 1 0 1 -0.206618
 20 100   2.3807 0 1 0 0 1 1 0 1  0.991153
 20  89   8.3807 0 1 0 0 1 1 1 0  0.272489
 20  88   3.3807 0 1 0 0 1 1 0 1  0.591895
 20  94  -9.6193 0 1 0 0 1 1 0 1 -0.046915
 20  91 -15.6193 0 1 0 0 1 1 0 0 -1.643945
 20  93  -6.6193 0 1 0 0 1 1 0 1 -0.286470
 20  32  -4.6193 0 1 0 0 1 1 0 1 -1.164836
 20  33 -12.6193 0 1 0 0 1 1 0 0 -0.765579
 20  30  -1.6193 0 1 0 0 1 1 0 1 -1.005133
 20  36 -10.6193 0 1 0 0 1 1 0 0 -0.765579
 20  38   0.3807 0 1 0 0 1 1 0 1  0.432192
 20  15 -13.6193 0 1 0 0 1 1 0 0 -0.925282
 20  24 -11.6193 0 1 0 0 1 1 0 0 -0.206618
 20  22 -12.6193 0 1 0 0 1 1 0 0 -0.845430
  20  19  -6.6193 0 1 0 0 1 1 0 1 -0.68572
 20  20   0.3807 0 1 0 0 1 1 0 1  0.032935
 20  53  -1.6193 0 1 0 0 1 1 0 1 -0.685727
 20  44 -20.6193 0 1 0 0 1 1 0 0  0.192638
 20  42  -2.6193 0 1 0 0 1 1 0 1  0.991153
 20  52  -0.6193 0 1 0 0 1 1 0 1  0.112787
 21  38 -19.6193 0 0 0 0 0 1 0 0 -0.925282
 21  35 -21.6193 0 0 0 0 0 1 0 0 -0.286470
 21  45  -1.6193 0 0 0 0 0 0 0 1 -0.526024
 21  42  -7.6193 0 0 0 0 0 0 0 1 -0.845430
 21  39  14.3807 0 0 0 0 0 1 0 1  0.352341
 21  40 -30.6193 0 0 0 0 0 0 0 0 -1.324539
 21  32 -34.6193 0 0 0 0 0 0 0 0 -1.084985
 21  63   7.3807 0 0 0 0 0 0 0 1  0.112787
 21  65  -1.6193 0 0 0 0 0 0 0 1 -0.366321
 21  66  13.3807 0 0 0 0 0 0 0 1  1.310559
 21  53   6.3807 0 0 0 0 0 1 0 1  1.310559
 21  51   5.3807 0 0 0 0 0 0 0 1  0.591895
 21  58 -14.6193 0 0 0 0 0 0 0 1 -0.206618
 21  55 -20.6193 0 0 0 0 0 0 0 0 -1.484242
 21   1 -20.6193 0 0 0 0 0 0 0 0 -1.324539
 21   4   7.3807 0 0 0 0 0 0 1 0  1.550113
 21  31 -12.6193 0 0 0 0 0 0 0 0  0.272489
 21  25 -30.6193 0 0 0 0 0 0 0 0 -2.123054
 21  21  -6.6193 0 0 0 0 0 1 0 1  0.751598
 21  26  -5.6193 0 0 0 0 0 0 0 1  0.512044
 21  30  -5.6193 0 0 0 0 0 0 0 1 -1.643945
 21   6  21.3807 0 0 0 0 0 1 1 0  1.869519
 21  12 -10.6193 0 0 0 0 0 0 0 1 -0.286470
 21  10 -19.6193 0 0 0 0 0 0 0 0 -1.643945
 21  14   1.3807 0 0 0 0 0 1 0 1 -1.005133
 21  15   3.3807 0 0 0 0 0 1 0 1 -0.046915
 21 127  -5.6193 0 0 0 0 0 0 0 0 -1.723796
 21 125   6.3807 0 0 0 0 0 0 0 1  0.352341
 21 131  -0.6193 0 0 0 0 0 1 0 1  0.911301
 21 128 -15.6193 0 0 0 0 0 0 0 0 -0.605876
 21 124   1.3807 0 0 0 0 0 1 0 1 -0.286470
 21  89   7.3807 0 0 0 0 0 0 0 1  0.432192
 21 100  -0.6193 0 0 0 0 0 1 0 0 -0.605876
 21  80 -11.6193 0 0 0 0 0 0 0 0  0.112787
 21  81 -17.6193 0 0 0 0 0 0 0 0 -0.206618
 21 123 -21.6193 0 0 0 0 0 0 0 0 -0.925282
 21 115 -13.6193 0 0 0 0 0 0 0 1 -0.046915
 21 122  13.3807 0 0 0 0 0 1 1 0  1.230707
 21 103  -5.6193 0 0 0 0 0 1 0 1  0.991153
 21 104 -18.6193 0 0 0 0 0 1 0 1 -1.484242
 21 113   0.3807 0 0 0 0 0 0 0 1  0.911301
  21 106 -26.6193 0 0 0 0 0 1 0 0 -1.64394
 22  69  14.3807 0 0 0 1 0 0 1 0  0.751598
 22  68   1.3807 0 0 0 1 0 0 0 1  0.671747
 22  67   1.3807 0 0 0 1 0 0 1 0  0.192638
 22  75  -0.6193 0 0 0 1 0 0 0 1 -1.244688
 22  73 -18.6193 0 0 0 1 0 0 0 0 -1.244688
 22  56 -14.6193 0 0 0 1 0 0 0 1 -0.526024
 22  57 -10.6193 0 0 0 1 0 0 0 0 -0.286470
 22  54   1.3807 0 0 0 1 0 1 0 0  0.112787
 22  65  17.3807 0 0 0 1 0 0 1 0  0.991153
 22  64 -13.6193 0 0 0 1 0 1 0 1  0.432192
 22  60   7.3807 0 0 0 1 0 0 1 0  1.150856
 22 102  -4.6193 0 0 0 1 0 1 0 1 -0.845430
 22  99  -2.6193 0 0 0 1 0 0 0 1 -0.765579
 22 111  -5.6193 0 0 0 1 0 0 0 1  0.112787
 22 110  17.3807 0 0 0 1 0 0 0 1  0.991153
 22  78   8.3807 0 0 0 1 0 1 1 0  0.192638
 22  84  -2.6193 0 0 0 1 0 1 0 0 -0.286470
 22  81  15.3807 0 0 0 1 0 0 0 1  1.150856
 22  86  26.3807 0 0 0 1 0 1 1 0  1.310559
 22  17   1.3807 0 0 0 1 0 1 0 1  0.911301
 22  14  -0.6193 0 0 0 1 0 0 0 1 -0.526024
 22  21  -6.6193 0 0 0 1 0 1 0 0 -0.286470
 22  20   7.3807 0 0 0 1 0 1 1 0  0.591895
 22  22  -4.6193 0 0 0 1 0 0 0 0 -0.126767
 22  13   1.3807 0 0 0 1 0 1 0 1 -0.366321
 22  10 -21.6193 0 0 0 1 0 1 0 0 -1.244688
 22   8 -12.6193 0 0 0 1 0 1 0 0 -0.286470
 22   9   4.3807 0 0 0 1 0 1 1 0  0.831450
 22  49   5.3807 0 0 0 1 0 0 0 1  0.591895
 22  42  -4.6193 0 0 0 1 0 0 1 0 -0.685727
 22  41   1.3807 0 0 0 1 0 1 0 1 -0.126767
 22  40  -1.6193 0 0 0 1 0 0 0 1 -1.244688
 22  47  -2.6193 0 0 0 1 0 1 0 0 -1.084985
 22  44  12.3807 0 0 0 1 0 1 1 0  0.591895
 22  45   4.3807 0 0 0 1 0 0 1 0  2.268776
 22  23 -33.6193 0 0 0 1 0 0 0 0 -1.324539
 22  29   1.3807 0 0 0 1 0 0 1 0  1.390410
 22  26  20.3807 0 0 0 1 0 0 1 0  0.032935
 22  39  29.3807 0 0 0 1 0 0 1 0  0.911301
 22  33  -1.6193 0 0 0 1 0 0 0 0 -0.685727
 22  31   5.3807 0 0 0 1 0 1 1 0  0.192638
 22 139   3.3807 0 0 0 1 0 1 1 0  0.991153
 22 142   0.3807 0 0 0 1 0 0 0 1 -0.925282
 22 147  -4.6193 0 0 0 1 0 0 0 1  0.512044
 22 131  -5.6193 0 0 0 1 0 0 0 1 -0.206618
 22 135   3.3807 0 0 0 1 0 1 0 1  1.789667
  22 129   3.3807 0 0 0 1 0 1 0 1  1.31055
 22 163  15.3807 0 0 0 1 0 0 0 1  1.709816
 22 166  -1.6193 0 0 0 1 0 0 0 1  1.789667
 22 167  -4.6193 0 0 0 1 0 1 0 1 -0.286470
 22 153 -12.6193 0 0 0 1 0 1 0 1  0.352341
 22 158  -1.6193 0 0 0 1 0 0 0 0 -0.845430
 22 159   4.3807 0 0 0 1 0 0 1 0  2.188925
 22 168  -5.6193 0 0 0 1 0 1 0 1 -0.845430
 22 179  -0.6193 0 0 0 1 0 1 0 1  0.032935
 22 180   3.3807 0 0 0 1 0 1 0 1  0.432192
 22 176  11.3807 0 0 0 1 0 0 1 0 -0.765579
 22 175   1.3807 0 0 0 1 0 1 1 0  0.751598
 22 183   2.3807 0 0 0 1 0 0 1 0  0.112787
 22 182  14.3807 0 0 0 1 0 0 1 0  0.911301
 22 128  11.3807 0 0 0 1 0 0 0 1  1.390410
 22 121  -2.6193 0 0 0 1 0 0 0 0 -0.845430
 22 123  -1.6193 0 0 0 1 0 0 0 1 -0.286470
 22 120   1.3807 0 0 0 1 0 1 0 1 -0.765579
 22 115  -2.6193 0 0 0 1 0 0 0 1  0.432192
 23 123  23.3807 0 0 0 0 0 0 1 0  0.671747
 23 113  -5.6193 0 0 0 0 0 0 0 1  0.192638
 23 122   4.3807 0 0 0 0 0 0 0 0 -0.286470
 23 108 -21.6193 0 0 0 0 0 1 0 1 -2.043202
 23 136 -30.6193 0 0 0 0 0 0 0 0 -1.883499
 23 135   2.3807 0 0 0 0 0 0 0 1  0.831450
 23 137 -14.6193 0 0 0 0 0 1 0 0 -1.643945
 23 129   2.3807 0 0 0 0 0 1 0 1  1.789667
 23 131  11.3807 0 0 0 0 0 0 0 1 -0.605876
 23 134  -1.6193 0 0 0 0 0 1 0 1  1.230707
 23 132  -9.6193 0 0 0 0 0 0 0 0 -2.123054
 23  72   6.3807 0 0 0 0 0 0 1 0  0.352341
 23  87 -13.6193 0 0 0 0 0 0 0 0 -1.324539
 23  88 -26.6193 0 0 0 0 0 1 0 0 -1.484242
 23  89  12.3807 0 0 0 0 0 0 1 0  1.550113
 23  74  11.3807 0 0 0 0 0 0 1 0  1.709816
 23  82  17.3807 0 0 0 0 0 0 1 0  1.789667
 23  80 -33.6193 0 0 0 0 0 0 0 0 -1.484242
 23 106  -5.6193 0 0 0 0 0 0 0 1 -1.404390
 23  99  29.3807 0 0 0 0 0 0 1 0  1.709816
 23  97  -8.6193 0 0 0 0 0 0 0 1 -0.286470
 23 100 -26.6193 0 0 0 0 0 1 0 0 -1.164836
 23  92   3.3807 0 0 0 0 0 0 0 1 -0.685727
 23  93 -16.6193 0 0 0 0 0 0 0 1  0.671747
 23  96   5.3807 0 0 0 0 0 1 0 1  0.671747
 23  95  -4.6193 0 0 0 0 0 1 0 1 -0.366321
 24 158  -5.6193 0 1 0 0 0 1 0 1 -0.366321
 24 162  -6.6193 0 1 0 0 0 1 0 1  0.512044
  24 163  -1.6193 0 1 0 0 0 1 0 1  0.11278
 24 157   6.3807 0 1 0 0 0 1 0 1  1.071004
 24 153  -1.6193 0 1 0 0 0 1 0 1  0.751598
 24 166   2.3807 0 1 0 0 0 1 0 1  1.629965
 24 148   7.3807 0 1 0 0 0 1 0 1 -0.046915
 24 138  11.3807 0 1 0 0 0 1 0 1  0.991153
 24 150  -1.6193 0 1 0 0 0 1 0 1  0.591895
 24 139  -2.6193 0 1 0 0 0 1 0 1  0.911301
 24 142  16.3807 0 1 0 0 0 1 1 0  0.831450
 24 140  -5.6193 0 1 0 0 0 1 0 1  0.591895
 24 144  -2.6193 0 1 0 0 0 1 0 1 -0.286470
 24 198 -11.6193 0 1 0 0 0 1 0 0  0.192638
 24 196  -2.6193 0 1 0 0 0 1 0 1 -1.005133
 24 199  -0.6193 0 1 0 0 0 1 0 1 -0.286470
 24 193  -4.6193 0 1 0 0 0 1 0 1 -0.526024
 24 195   1.3807 0 1 0 0 0 1 1 0  1.150856
 24 194  20.3807 0 1 0 0 0 1 0 1  1.230707
 24 192 -11.6193 0 1 0 0 0 1 0 1 -0.685727
 24 208  -2.6193 0 1 0 0 0 1 0 1 -0.526024
 24 210 -13.6193 0 1 0 0 0 1 0 1 -0.126767
 24 202 -15.6193 0 1 0 0 0 1 0 1  1.150856
 24 204   7.3807 0 1 0 0 0 1 0 1 -0.286470
 24 207  -3.6193 0 1 0 0 0 1 0 1 -0.685727
 24 205   1.3807 0 1 0 0 0 1 0 1 -1.005133
 24 167  -7.6193 0 1 0 0 0 1 0 1 -1.564093
 24 173  16.3807 0 1 0 0 0 1 1 0  1.150856
 24 176  -4.6193 0 1 0 0 0 1 0 0 -1.084985
 24 170   0.3807 0 1 0 0 0 1 1 0  0.272489
 24 190  -3.6193 0 1 0 0 0 1 0 1 -0.685727
 24 187  -6.6193 0 1 0 0 0 1 0 1  1.230707
 24 186  20.3807 0 1 0 0 0 1 1 0  1.629965
 24 188  -8.6193 0 1 0 0 0 1 0 1  0.512044
 24 180  12.3807 0 1 0 0 0 1 0 1  0.831450
 24 181   1.3807 0 1 0 0 0 1 1 0  0.432192
 24 185 -17.6193 0 1 0 0 0 1 0 1  0.272489
 24 184  -3.6193 0 1 0 0 0 1 0 1 -0.206618
 25 245 -18.6193 1 0 0 0 0 0 0 1 -0.206618
 25 248 -13.6193 1 0 0 0 0 0 0 1 -1.564093
 25 237  23.3807 1 0 0 0 0 0 1 0  1.310559
 25 242 -15.6193 1 0 0 0 0 0 0 1 -1.564093
 25 240  -9.6193 1 0 0 0 0 0 0 1  0.112787
 25 241 -10.6193 1 0 0 0 0 0 0 0 -1.564093
 25 265   4.3807 1 0 0 0 0 0 0 1  1.789667
 25 261 -21.6193 1 0 0 0 0 0 0 0 -0.845430
 25 264   4.3807 1 0 0 0 0 0 0 1 -0.925282
 25 251 -17.6193 1 0 0 0 0 0 0 1  1.390410
 25 252  -5.6193 1 0 0 0 0 0 0 1 -0.366321
  25 260  -0.6193 1 0 0 0 0 0 1 0 -0.84543
 25 256   9.3807 1 0 0 0 0 0 0 1 -0.765579
 25 236 -15.6193 1 0 0 0 0 0 0 0 -0.765579
 25 322  -5.6193 1 0 0 0 0 0 0 1  0.591895
 25 320 -16.6193 1 0 0 0 0 0 0 0 -1.723796
 25 325 -17.6193 1 0 0 0 0 0 0 1 -1.723796
 25 323  -0.6193 1 0 0 0 0 0 0 1 -1.643945
 25 326  13.3807 1 0 0 0 0 0 0 1  0.512044
 25 315  13.3807 1 0 0 0 0 0 1 0 -1.084985
 25 313   3.3807 1 0 0 0 0 0 1 0  0.352341
 25 319  -7.6193 1 0 0 0 0 0 0 1  0.911301
 25 318  17.3807 1 0 0 0 0 0 1 0  0.831450
 25 317  -3.6193 1 0 0 0 0 0 0 1 -1.484242
 25 340  11.3807 1 0 0 0 0 0 0 1 -0.446173
 25 336  -3.6193 1 0 0 0 0 0 0 1 -1.084985
 25 344  -9.6193 1 0 0 0 0 0 0 0 -1.803648
 25 341   8.3807 1 0 0 0 0 0 0 1  0.512044
 25 342   8.3807 1 0 0 0 0 0 1 0  0.512044
 25 327   5.3807 1 0 0 0 0 0 0 1 -0.685727
 25 329  -3.6193 1 0 0 0 0 0 0 1 -0.765579
 25 330   6.3807 1 0 0 0 0 0 1 0 -0.046915
 25 328  -5.6193 1 0 0 0 0 0 0 1 -0.526024
 25 284 -19.6193 1 0 0 0 0 0 0 0 -1.484242
 25 282 -30.6193 1 0 0 0 0 0 0 1 -1.164836
 25 285  10.3807 1 0 0 0 0 0 1 0  2.268776
 25 286  19.3807 1 0 0 0 0 0 1 0  1.071004
 25 288   8.3807 1 0 0 0 0 0 1 0  1.150856
 25 270  13.3807 1 0 0 0 0 0 0 1  0.192638
 25 269  -0.6193 1 0 0 0 0 0 0 1 -0.925282
 25 275  16.3807 1 0 0 0 0 0 1 0  0.911301
 25 277  16.3807 1 0 0 0 0 0 1 0  0.751598
 25 311   7.3807 1 0 0 0 0 0 1 0  0.591895
 25 306   2.3807 1 0 0 0 0 0 0 1 -0.286470
 25 310  13.3807 1 0 0 0 0 0 1 0  0.991153
 25 309  -1.6193 1 0 0 0 0 0 0 1  0.112787
 25 289   2.3807 1 0 0 0 0 0 0 1 -0.446173
 25 293 -31.6193 1 0 0 0 0 0 0 1  0.512044
 25 294   5.3807 1 0 0 0 0 0 0 1  0.751598
 25 290  -0.6193 1 0 0 0 0 0 0 1  0.192638
 25 298  21.3807 1 0 0 0 0 0 1 0  1.949370
 25 296  21.3807 1 0 0 0 0 0 1 0 -0.605876
 25 345 -10.6193 1 0 0 0 0 0 0 1  0.272489
 25 356 -13.6193 1 0 0 0 0 0 0 1  0.192638
 25 355  36.3807 1 0 0 0 0 0 1 0  2.268776
 25 235  -2.6193 1 0 0 0 0 0 0 1  0.831450
 25 224  21.3807 1 0 0 0 0 0 1 0  0.751598
 25 218 -13.6193 1 0 0 0 0 0 0 1 -0.126767
  25 221  -0.6193 1 0 0 0 0 0 1 0 -0.20661
 25 219 -26.6193 1 0 0 0 0 0 0 0 -0.286470
 25 216 -13.6193 1 0 0 0 0 0 0 1 -0.126767
 25 233 -13.6193 1 0 0 0 0 0 0 1 -1.324539
 25 232 -13.6193 1 0 0 0 0 0 0 1 -0.845430
 25 226  -0.6193 1 0 0 0 0 0 0 1  0.032935
 25 227  25.3807 1 0 0 0 0 0 1 0  0.671747
 25 231  -4.6193 1 0 0 0 0 0 1 0 -1.643945
 25 229   6.3807 1 0 0 0 0 0 0 1  0.432192
 25 230  17.3807 1 0 0 0 0 0 1 0  0.192638
 25 212 -13.6193 1 0 0 0 0 0 0 0 -0.925282
 25 352   2.3807 1 0 0 0 0 0 0 0 -0.765579
 26 383  20.3807 1 0 0 0 0 0 1 0  0.751598
 26 394 -23.6193 1 0 0 0 0 0 0 0  0.112787
 26 392  -6.6193 1 0 0 0 0 0 0 1 -0.685727
 26 390  -7.6193 1 0 0 0 0 0 0 1 -0.366321
 26 393  -5.6193 1 0 0 0 0 0 0 0  0.272489
 26 389   3.3807 1 0 0 0 0 0 0 1 -0.126767
 26 387 -24.6193 1 0 0 0 0 0 0 0 -1.803648
 26 423 -24.6193 1 0 0 0 0 0 0 0 -1.484242
 26 429 -13.6193 1 0 0 0 0 0 0 0 -1.164836
 26 431 -25.6193 1 0 0 0 0 0 0 0 -0.765579
 26 404 -13.6193 1 0 0 0 0 0 0 1  0.112787
 26 400  13.3807 1 0 0 0 0 0 0 1 -0.765579
 26 397  -6.6193 1 0 0 0 0 0 0 1 -0.685727
 26 409 -25.6193 1 0 0 0 0 0 0 0 -0.765579
 26 408 -28.6193 1 0 0 0 0 0 0 0 -1.244688
 26 369   7.3807 1 0 0 0 0 0 0 0 -0.925282
 26 370  -2.6193 1 0 0 0 0 0 0 0  0.112787
 26 366   1.3807 1 0 0 0 0 0 0 1 -1.643945
 26 374  -5.6193 1 0 0 0 0 0 0 1 -1.404390
 26 371   1.3807 1 0 0 0 0 0 0 1 -0.286470
 26 372 -12.6193 1 0 0 0 0 0 0 1  0.192638
 26 363  -1.6193 1 0 0 0 0 0 0 1 -0.046915
 27 461  -2.6193 0 0 0 0 0 0 0 1  0.591895
 27 462 -25.6193 0 0 0 0 0 1 0 0 -1.564093
 27 464   9.3807 0 0 0 0 0 1 1 0  1.230707
 27 456   3.3807 0 0 0 0 0 0 0 1  0.911301
 27 460  -1.6193 0 0 0 0 0 1 0 1 -0.925282
 27 457 -10.6193 0 0 0 0 0 1 0 1 -0.286470
 27 469  11.3807 0 0 0 0 0 1 1 0  0.911301
 27 471 -10.6193 0 0 0 0 0 1 0 1 -0.286470
 27 465   7.3807 0 0 0 0 0 1 1 0  1.150856
 27 467   1.3807 0 0 0 0 0 0 0 1 -0.046915
 27 440  23.3807 0 0 0 0 0 0 0 1  0.432192
 27 442  -9.6193 0 0 0 0 0 0 0 1 -0.126767
 27 444   7.3807 0 0 0 0 0 1 1 0  1.869519
  27 436  -9.6193 0 0 0 0 0 0 0 1 -0.92528
 27 439   5.3807 0 0 0 0 0 1 0 1 -0.925282
 27 438  -7.6193 0 0 0 0 0 0 0 1 -0.845430
 27 454  -4.6193 0 0 0 0 0 0 0 1  0.591895
 27 452  -6.6193 0 0 0 0 0 0 0 0 -1.244688
 27 446 -11.6193 0 0 0 0 0 1 0 1 -0.925282
 27 448  25.3807 0 0 0 0 0 1 1 0  2.188925
 27 447  15.3807 0 0 0 0 0 0 1 0  0.751598
 27 472 -22.6193 0 0 0 0 0 1 0 0 -1.723796
 27 474   7.3807 0 0 0 0 0 1 0 1  1.629965
 27 531  17.3807 0 0 0 0 0 0 1 0  0.991153
 27 529 -13.6193 0 0 0 0 0 0 0 1  0.112787
 27 532 -13.6193 0 0 0 0 0 0 0 1 -0.845430
 27 536 -29.6193 0 0 0 0 0 0 0 0 -1.723796
 27 539   6.3807 0 0 0 0 0 1 0 1 -0.605876
 27 524   5.3807 0 0 0 0 0 0 0 1  0.112787
 27 513  -0.6193 0 0 0 0 0 1 0 1 -1.084985
 27 528 -19.6193 0 0 0 0 0 0 0 0 -1.244688
 27 526 -23.6193 0 0 0 0 0 1 0 0 -1.244688
 27 527   4.3807 0 0 0 0 0 0 0 1  0.032935
 27 511  14.3807 0 0 0 0 0 0 0 1  0.432192
 27 557  -2.6193 0 0 0 0 0 1 0 0 -1.643945
 27 541 -16.6193 0 0 0 0 0 0 0 1 -1.244688
 27 543  20.3807 0 0 0 0 0 0 0 1  1.390410
 27 558 -11.6193 0 0 0 0 0 0 0 1 -0.925282
 27 490   7.3807 0 0 0 0 0 0 0 1 -1.404390
 27 491   7.3807 0 0 0 0 0 0 0 1  0.352341
 27 476   8.3807 0 0 0 0 0 1 1 0  1.150856
 27 480  -8.6193 0 0 0 0 0 1 0 1 -0.366321
 27 477  18.3807 0 0 0 0 0 1 0 1  0.192638
 27 478  -4.6193 0 0 0 0 0 1 0 1 -1.164836
 27 509   3.3807 0 0 0 0 0 0 0 1 -0.366321
 27 502  -3.6193 0 0 0 0 0 0 0 1 -1.244688
 27 506  -4.6193 0 0 0 0 0 0 0 0 -1.084985
 27 507  -0.6193 0 0 0 0 0 0 0 1  1.550113
 27 492   5.3807 0 0 0 0 0 0 0 1 -0.685727
 27 494   2.3807 0 0 0 0 0 1 0 1  0.911301
 27 499   5.3807 0 0 0 0 0 1 1 0  1.230707
 27 495 -24.6193 0 0 0 0 0 0 0 0  0.192638
 27 496 -18.6193 0 0 0 0 0 0 0 0 -0.925282
 27 559 -13.6193 0 0 0 0 0 0 0 1 -1.404390
 28 590 -11.6193 0 1 0 1 0 1 0 1  0.751598
 28 588  -0.6193 0 1 0 1 0 1 0 1 -0.366321
 28 586   7.3807 0 1 0 1 0 1 0 1  0.751598
 28 594  -7.6193 0 1 0 1 0 1 0 0 -0.206618
 28 592  16.3807 0 1 0 1 0 1 0 1  0.591895
 28 595  17.3807 0 1 0 1 0 1 1 0  0.751598
  28 579 -34.6193 0 1 0 1 0 1 0 1 -0.36632
 28 580   9.3807 0 1 0 1 0 1 0 1 -0.126767
 28 578 -10.6193 0 1 0 1 0 1 0 1 -0.685727
 28 585  -8.6193 0 1 0 1 0 1 0 1 -0.446173
 28 581 -23.6193 0 1 0 1 0 1 0 0 -0.046915
 28 582 -11.6193 0 1 0 1 0 1 0 1 -0.925282
 28 577  -1.6193 0 1 0 1 0 1 1 0  0.032935
 28 610 -10.6193 0 1 0 1 0 1 0 1 -1.244688
 28 612  -1.6193 0 1 0 1 0 1 1 0  0.112787
 28 609  -6.6193 0 1 0 1 0 1 0 1 -0.126767
 28 607  -2.6193 0 1 0 1 0 1 0 1 -0.126767
 28 616   5.3807 0 1 0 1 0 1 0 1  0.432192
 28 613  24.3807 0 1 0 1 0 1 1 0  1.949370
 28 596   1.3807 0 1 0 1 0 1 0 1  0.831450
 28 599  19.3807 0 1 0 1 0 1 1 0  0.112787
 28 597 -23.6193 0 1 0 1 0 1 0 0 -1.005133
 28 604  21.3807 0 1 0 1 0 1 1 0  2.109073
 28 602 -15.6193 0 1 0 1 0 1 0 0 -0.845430
 28 600  17.3807 0 1 0 1 0 1 1 0  1.629965
 28 601  -4.6193 0 1 0 1 0 1 0 1 -0.446173
 28 617  14.3807 0 1 0 1 0 1 0 1  1.390410
 28 575  -8.6193 0 1 0 1 0 1 0 1  0.751598
 28 569 -20.6193 0 1 0 1 0 1 0 0 -0.286470
 28 570   0.3807 0 1 0 1 0 1 1 0  0.512044
 28 568  -4.6193 0 1 0 1 0 1 0 0 -1.005133
 28 567  -6.6193 0 1 0 1 0 1 0 0 -0.286470
 28 571  18.3807 0 1 0 1 0 1 0 1  0.432192
 28 572  -5.6193 0 1 0 1 0 1 0 1 -0.685727
 28 560   0.3807 0 1 0 1 0 1 0 1  0.272489
 28 561 -21.6193 0 1 0 1 0 1 0 1 -0.446173
 28 565   8.3807 0 1 0 1 0 1 1 0  1.470262
 28 564   7.3807 0 1 0 1 0 1 0 1  0.751598
 28 563 -11.6193 0 1 0 1 0 1 0 0  0.512044
 28 618  -7.6193 0 1 0 1 0 1 0 1 -0.526024
 28 627  23.3807 0 1 0 1 0 1 1 0  1.230707
 28 620 -22.6193 0 1 0 1 0 1 0 0 -1.005133
 28 623  -0.6193 0 1 0 1 0 1 1 0  1.550113
 28 621   4.3807 0 1 0 1 0 1 0 1  0.911301
 28 622  -3.6193 0 1 0 1 0 1 0 1 -0.366321
 28 633  -0.6193 0 1 0 1 0 1 0 1 -1.084985
 28 631  -4.6193 0 1 0 1 0 1 0 1  0.352341
 28 632   6.3807 0 1 0 1 0 1 1 0  0.751598
 29 659   1.3807 1 0 0 1 0 0 0 1  0.432192
 29 654 -18.6193 1 0 0 1 0 0 0 0 -1.963351
 29 655  29.3807 1 0 0 1 0 0 1 0  1.071004
 29 656  10.3807 1 0 0 1 0 0 1 0  1.550113
 29 661  -0.6193 1 0 0 1 0 0 0 1  0.991153
  29 647  -3.6193 1 0 0 1 0 0 0 1 -1.64394
 29 648  -0.6193 1 0 0 1 0 0 0 1 -0.765579
 29 646   1.3807 1 0 0 1 0 0 0 1  1.550113
 29 653   2.3807 1 0 0 1 0 0 0 1  1.071004
 29 652  -9.6193 1 0 0 1 0 0 0 1  0.512044
 29 649   7.3807 1 0 0 1 0 0 1 0  1.869519
 29 650 -14.6193 1 0 0 1 0 0 0 0 -1.164836
 29 645  13.3807 1 0 0 1 0 0 0 1  0.991153
 29 691  -4.6193 1 0 0 1 0 0 0 1  0.112787
 29 692  10.3807 1 0 0 1 0 0 0 1 -0.845430
 29 693  16.3807 1 0 0 1 0 0 0 1  0.192638
 29 689  -8.6193 1 0 0 1 0 0 0 1 -0.526024
 29 686  -6.6193 1 0 0 1 0 0 0 1 -1.164836
 29 703 -25.6193 1 0 0 1 0 0 0 0 -2.043202
 29 705   8.3807 1 0 0 1 0 0 1 0  1.869519
 29 696 -11.6193 1 0 0 1 0 0 0 1  0.032935
 29 697   5.3807 1 0 0 1 0 0 1 0 -1.404390
 29 699   5.3807 1 0 0 1 0 0 0 1  0.192638
 29 698  -9.6193 1 0 0 1 0 0 0 1  0.272489
 29 662   7.3807 1 0 0 1 0 0 0 1 -0.765579
 29 668 -18.6193 1 0 0 1 0 0 0 0 -1.084985
 29 669  18.3807 1 0 0 1 0 0 0 1 -0.126767
 29 672   6.3807 1 0 0 1 0 0 1 0  1.150856
 29 663  18.3807 1 0 0 1 0 0 1 0  1.629965
 29 667  12.3807 1 0 0 1 0 0 0 1 -0.366321
 29 664   0.3807 1 0 0 1 0 0 0 1  1.150856
 29 684 -11.6193 1 0 0 1 0 0 0 1 -0.925282
 29 683   6.3807 1 0 0 1 0 0 1 0  0.671747
 29 679 -27.6193 1 0 0 1 0 0 0 1 -1.963351
 29 681 -13.6193 1 0 0 1 0 0 0 0 -1.803648
 29 680   1.3807 1 0 0 1 0 0 0 1  0.831450
 29 635  -2.6193 1 0 0 1 0 0 0 1  0.112787
 29 641   2.3807 1 0 0 1 0 0 0 1 -1.803648
 29 643  -9.6193 1 0 0 1 0 0 0 1 -0.446173
 29 638  20.3807 1 0 0 1 0 0 1 0  0.991153
 29 640  -4.6193 1 0 0 1 0 0 0 1  1.230707
 29 639   4.3807 1 0 0 1 0 0 1 0  0.991153
 29 707  -6.6193 1 0 0 1 0 0 0 1 -0.206618
 29 737   4.3807 1 0 0 1 0 0 0 1  0.671747
 29 739 -14.6193 1 0 0 1 0 0 0 1 -0.605876
 29 735   8.3807 1 0 0 1 0 0 1 0  1.550113
 29 734   9.3807 1 0 0 1 0 0 1 0 -0.286470
 29 743 -13.6193 1 0 0 1 0 0 0 0 -1.963351
 29 740  -0.6193 1 0 0 1 0 0 1 0  1.230707
 29 741   5.3807 1 0 0 1 0 0 0 1  1.390410
 29 744  11.3807 1 0 0 1 0 0 0 1 -0.526024
 29 726 -25.6193 1 0 0 1 0 0 0 0 -1.244688
  29 728  -9.6193 1 0 0 1 0 0 0 0 -0.36632
 29 725  17.3807 1 0 0 1 0 0 1 0  1.310559
 29 733  -4.6193 1 0 0 1 0 0 0 1 -1.963351
 29 732  12.3807 1 0 0 1 0 0 0 1  1.629965
 29 729 -22.6193 1 0 0 1 0 0 0 0 -1.324539
 29 730  -6.6193 1 0 0 1 0 0 0 1 -1.803648
 29 724   0.3807 1 0 0 1 0 0 0 1 -0.286470
 29 711  18.3807 1 0 0 1 0 0 1 0  1.869519
 29 714  31.3807 1 0 0 1 0 0 1 0  1.470262
 29 715  18.3807 1 0 0 1 0 0 1 0  1.550113
 29 708  -7.6193 1 0 0 1 0 0 0 1 -0.446173
 29 710  -8.6193 1 0 0 1 0 0 0 0 -1.963351
 29 709  16.3807 1 0 0 1 0 0 0 1  1.470262
 29 745  -4.6193 1 0 0 1 0 0 0 1  0.512044
 29 747   4.3807 1 0 0 1 0 0 0 0 -1.883499
 29 746  -4.6193 1 0 0 1 0 0 0 1 -1.883499
 29 722   8.3807 1 0 0 1 0 0 1 0 -0.605876
 29 723  -6.6193 1 0 0 1 0 0 0 1 -0.366321
 29 748  15.3807 1 0 0 1 0 0 1 0 -1.084985
 30 792   9.3807 0 1 0 0 0 1 0 1 -0.366321
 30 796   3.3807 0 1 0 0 0 1 1 0  1.230707
 30 779  -8.6193 0 1 0 0 0 1 0 0  0.512044
 30 783   5.3807 0 1 0 0 0 1 0 1  1.071004
 30 778 -29.6193 0 1 0 0 0 1 0 0 -0.765579
 30 773 -34.6193 0 1 0 0 0 1 0 0 -1.244688
 30 790 -11.6193 0 1 0 0 0 1 0 0 -0.526024
 30 787 -13.6193 0 1 0 0 0 1 0 1 -1.244688
 30 789   5.3807 0 1 0 0 0 1 0 1 -0.605876
 30 786  -6.6193 0 1 0 0 0 1 0 0 -1.404390
 30 785   7.3807 0 1 0 0 0 1 0 1 -0.526024
 30 770 -22.6193 0 1 0 0 0 1 0 0  0.671747
 30 835  -3.6193 0 1 0 0 0 1 0 1  1.949370
 30 840  -9.6193 0 1 0 0 0 1 0 1  0.512044
 30 841 -11.6193 0 1 0 0 0 1 0 1  0.352341
 30 842 -10.6193 0 1 0 0 0 1 0 1 -1.244688
 30 831 -18.6193 0 1 0 0 0 1 0 0 -0.366321
 30 830   4.3807 0 1 0 0 0 1 1 0  1.550113
 30 852  -9.6193 0 1 0 0 0 1 0 1 -1.564093
 30 850  -3.6193 0 1 0 0 0 1 0 1 -0.366321
 30 853  -2.6193 0 1 0 0 0 1 0 1  0.911301
 30 854   9.3807 0 1 0 0 0 1 1 0  2.348628
 30 843   6.3807 0 1 0 0 0 1 0 1  1.629965
 30 845  -3.6193 0 1 0 0 0 1 0 1  0.671747
 30 844  16.3807 0 1 0 0 0 1 1 0  0.991153
 30 849  10.3807 0 1 0 0 0 1 1 0 -0.046915
 30 846   3.3807 0 1 0 0 0 1 0 1  0.192638
 30 847 -15.6193 0 1 0 0 0 1 0 1 -0.366321
  30 797 -27.6193 0 1 0 0 0 1 0 1 -0.28647
 30 810  -0.6193 0 1 0 0 0 1 0 1  1.310559
 30 811 -19.6193 0 1 0 0 0 1 0 1 -0.925282
 30 798  10.3807 0 1 0 0 0 1 0 1  1.310559
 30 801   3.3807 0 1 0 0 0 1 0 1  1.310559
 30 802   9.3807 0 1 0 0 0 1 1 0  1.629965
 30 829   3.3807 0 1 0 0 0 1 0 1  0.991153
 30 825  10.3807 0 1 0 0 0 1 0 1 -0.685727
 30 824  -2.6193 0 1 0 0 0 1 0 1 -0.366321
 30 826   3.3807 0 1 0 0 0 1 0 1 -0.605876
 30 828  11.3807 0 1 0 0 0 1 0 1  0.192638
 30 817   1.3807 0 1 0 0 0 1 1 0  1.789667
 30 814 -14.6193 0 1 0 0 0 1 0 1 -1.164836
 30 818   9.3807 0 1 0 0 0 1 0 1  0.032935
 30 819   7.3807 0 1 0 0 0 1 0 1  1.789667
 30 855   1.3807 0 1 0 0 0 1 0 1  0.112787
 30 757   3.3807 0 1 0 0 0 1 0 1  0.272489
 30 766  -0.6193 0 1 0 0 0 1 0 1  1.390410
 30 767 -13.6193 0 1 0 0 0 1 0 0 -1.324539
 30 758   0.3807 0 1 0 0 0 1 0 1 -0.845430
 30 762  -5.6193 0 1 0 0 0 1 0 1  0.591895
 30 863 -16.6193 0 1 0 0 0 1 0 0 -1.084985
 30 878  -5.6193 0 1 0 0 0 1 0 1  0.751598
 30 880   1.3807 0 1 0 0 0 1 0 1  0.512044
 30 867   2.3807 0 1 0 0 0 1 0 1 -0.206618
 30 868   5.3807 0 1 0 0 0 1 1 0  0.991153
 30 865  11.3807 0 1 0 0 0 1 1 0  1.071004
 30 873 -16.6193 0 1 0 0 0 1 0 0 -0.526024
 30 872  11.3807 0 1 0 0 0 1 1 0  0.512044
 30 870  10.3807 0 1 0 0 0 1 0 1  0.591895
 30 864  -9.6193 0 1 0 0 0 1 0 1  0.991153
 30 860  -4.6193 0 1 0 0 0 1 1 0 -0.366321
 31  86   2.3807 0 0 1 0 0 0 0 1 -0.843612
 32 442 -21.6193 0 0 0 0 0 0 0 0 -1.560598
 32 268   2.3807 0 0 0 0 0 0 0 1 -0.285956
 32 499  20.3807 0 0 0 0 0 0 1 0  2.183663
 32  42  12.3807 0 0 0 0 0 0 1 0  1.148016
 32  76   3.3807 0 0 0 0 0 1 0 1  0.112369
 32 249  11.3807 0 0 0 0 0 1 1 0  0.590360
 32 161 -17.6193 0 0 0 0 0 0 0 0 -1.799594
 33 162  11.3807 0 0 0 0 0 1 1 0  0.590360
 34  20  -3.6193 0 1 0 0 0 1 0 1 -0.684282
 34 118  -4.6193 0 1 0 0 0 1 0 1 -0.046961
 35  39 -13.6193 0 1 0 0 0 1 0 1 -1.799594
 35  20  15.3807 0 1 0 0 0 1 1 0  0.829355
 36  86  -9.6193 0 0 0 1 0 1 0 1 -0.684282
 37   4  20.3807 0 0 0 1 0 0 1 0  1.227681
 37   2  23.3807 0 0 0 1 0 0 1 0  2.422658
 37  20  11.3807 0 0 0 1 0 0 1 0  0.431029
 37  21  -6.6193 0 0 0 1 0 0 0 0 -1.560598
 38 132  15.3807 0 0 0 0 1 1 1 0  0.032704
